0 17 1589 18 17215
1 45 5987 45 27535
2 10 680 10 1173
3 0 0 0 0
4 3 275 3 3297
5 0 0 0 0
6 14 803 14 37454
7 0 0 0 0
8 8 476 8 476
9 18 6664 19 5405
10 36 8231 39 9628
11 2 80 2 80
12 16 2790 16 1891
13 138 8382 139 863539
14 50 12610 54 23284
15 91 11975 97 411628
16 10 1805 10 1406
17 0 0 0 0
18 0 0 0 0
19 6 2821 7 491
20 0 0 0 0
21 4 199 4 199
22 0 0 0 0
23 0 0 0 0
24 9 1906 9 764
25 8 398 8 398
26 14 1845 13 4950
27 16 929 16 851
28 0 0 0 0
29 279 22700 305 1187417
30 191 29768 210 173935
31 249 32368 273 233019
32 260 25663 309 625177
33 235 28559 274 272975
34 195 22328 227 249120
35 214 27027 254 272893
36 205 23732 227 261239
37 193 21259 238 248658
38 193 23207 225 245334
39 206 23770 233 266247
40 215 25492 250 265522
41 217 24202 239 257502
42 215 24173 251 276379
43 114 12909 133 137329
44 132 14525 152 187257
45 2 2561 3 237
46 2 119 2 119
47 0 0 0 0
48 0 0 0 0
49 2 119 2 119
50 2 119 2 119
51 1 40 1 40
52 7 319 7 319
53 0 0 0 0
54 0 0 0 0
55 2 119 2 119
56 2 119 2 119
57 0 0 0 0
58 2 119 2 119
59 0 0 0 0
60 129 19117 171 91980
61 114 23769 297 322866
62 199 37644 717 850947
63 2 119 2 119
64 18 1527 18 1527
65 5 469 5 469
66 2 119 2 119
67 6 454 6 450
68 2 119 2 119
69 0 0 0 0
70 2 119 2 119
71 1 40 1 40
72 20 3893 18 1304
73 1 68 2 104
74 2 119 2 119
75 0 0 0 0
76 2 119 2 119
77 0 0 0 0
78 2 119 2 119
79 0 0 0 0
80 10 565 10 439
81 1 40 1 40
82 7 319 7 319
83 0 0 0 0
84 2 119 2 119
85 0 0 0 0
86 24 4695 28 7171
87 155 21867 190 224833
88 10 595 10 595
89 2 126 2 126
90 4 245 4 245
91 1 40 1 40
92 9 438 9 438
93 0 0 0 0
94 2 119 2 119
95 0 0 0 0
96 20 3158 19 4814
97 57 4835 48 5758
98 42 4047 39 5261
99 16 1529 14 1721
100 5 299 6 916
101 14 2766 16 1887
102 21 1473 22 2775
103 3 194 4 230
104 2 119 2 119
105 1 68 2 104
106 2 119 2 119
107 0 0 0 0
108 2 119 2 119
109 0 0 0 0
110 2 119 2 119
111 0 0 0 0
112 8 359 8 359
113 10 722 9 782
114 2 119 2 119
115 0 0 0 0
116 2 119 2 119
117 0 0 0 0
118 2 119 2 119
119 2 119 2 119
120 2 119 2 119
121 8 476 10 634
122 1 40 0 0
123 0 0 0 0
124 0 0 0 0
125 20 1438 20 1438
126 0 0 0 0
127 25 1234 14 677
128 0 0 0 0
129 0 0 0 0
130 2 119 2 119
131 0 0 0 0
132 0 0 0 0
133 10 608 12 684
134 0 0 0 0
135 0 0 0 0
136 0 0 0 0
137 2 833 2 80
138 155 10184 184 817207
139 6 357 6 357
140 0 0 0 0
141 0 0 0 0
142 0 0 0 0
143 0 0 0 0
144 0 0 0 0
145 6 357 6 357
146 8 476 8 476
147 2 126 2 126
148 2 126 2 126
149 14 2428 14 5255
150 19 2583 20 3226
151 6 357 6 357
152 0 0 0 0
153 0 0 0 0
154 0 0 0 0
155 0 0 0 0
156 0 0 0 0
157 6 357 6 357
158 0 0 0 0
159 0 0 0 0
160 2 126 2 126
161 2 126 2 126
162 0 0 0 0
163 7 425 8 461
164 0 0 0 0
165 0 0 0 0
166 0 0 0 0
167 0 0 0 0
168 0 0 0 0
169 6 357 6 357
170 0 0 0 0
171 0 0 0 0
172 0 0 0 0
173 0 0 0 0
174 0 0 0 0
175 6 357 6 357
176 0 0 0 0
177 2 119 2 119
178 0 0 0 0
179 4 238 4 238
180 0 0 0 0
181 7 425 8 461
182 0 0 0 0
183 0 0 0 0
184 0 0 0 0
185 0 0 0 0
186 0 0 0 0
187 6 357 6 357
188 0 0 0 0
189 0 0 0 0
190 0 0 0 0
191 0 0 0 0
192 0 0 0 0
193 7 425 8 461
194 0 0 0 0
195 0 0 0 0
196 2 119 2 119
197 2 119 2 119
198 0 0 0 0
199 10 580 10 541
200 20 1129 20 872
201 4 237 4 160
202 22 1682 22 65489
203 10 719 10 1173
204 0 0 0 0
205 2 119 2 119
206 0 0 0 0
207 0 0 0 0
208 4 252 4 252
209 0 0 0 0
210 1 68 2 104
211 34 3509 35 140658
212 2 119 2 119
213 0 0 0 0
214 4 237 4 160
215 4 223 4 184
216 0 0 0 0
217 0 0 0 0
218 0 0 0 0
219 2 126 2 126
220 2 204 2 697
221 0 0 0 0
222 7 532 7 21440
223 7 308 8 327475
224 0 0 0 0
225 0 0 0 0
226 0 0 0 0
227 0 0 0 0
228 0 0 0 0
229 0 0 0 0
230 4 223 4 160
231 0 0 0 0
232 8 446 8 320
233 0 0 0 0
234 0 0 0 0
235 87 3777 90 2119274
236 0 0 0 0
237 0 0 0 0
238 0 0 0 0
239 0 0 0 0
240 0 0 0 0
241 0 0 0 0
242 0 0 0 0
243 0 0 0 0
244 0 0 0 0
245 1 68 2 104
246 0 0 0 0
247 0 0 0 0
248 9 482 10 71328
249 0 0 0 0
250 0 0 0 0
251 0 0 0 0
252 7 400 7 40607
253 4 558 5 868
254 1 40 1 685
255 0 0 0 0
256 0 0 0 0
257 2 204 2 697
258 0 0 0 0
259 0 0 0 0
260 0 0 0 0
261 0 0 0 0
262 0 0 0 0
263 0 0 0 0
264 0 0 0 0
265 0 0 0 0
266 0 0 0 0
267 4 252 4 252
268 0 0 0 0
269 0 0 0 0
270 0 0 0 0
271 1 68 2 104
272 4 237 4 160
273 0 0 0 0
274 0 0 0 0
275 0 0 0 0
276 0 0 0 0
277 0 0 0 0
278 0 0 0 0
279 0 0 0 0
280 0 0 0 0
281 0 0 0 0
282 0 0 0 0
283 1 68 2 104
284 0 0 0 0
285 0 0 0 0
286 0 0 0 0
287 0 0 0 0
288 0 0 0 0
289 0 0 0 0
290 0 0 0 0
291 0 0 0 0
292 0 0 0 0
293 8 579 8 13960
294 1 135 1 135
295 0 0 0 0
296 0 0 0 0
297 0 0 0 0
298 5 476 5 332
299 138 11183 154 566996
300 0 0 0 0
301 0 0 0 0
302 0 0 0 0
303 0 0 0 0
304 0 0 0 0
305 0 0 0 0
306 0 0 0 0
307 0 0 0 0
308 10 841 11 739
309 2 80 1 2777
310 0 0 0 0
311 0 0 0 0
312 0 0 0 0
313 2 136 4 208
314 0 0 0 0
315 0 0 0 0
316 0 0 0 0
317 0 0 0 0
318 0 0 0 0
319 2 669 2 14079
320 121 8177 137 1350523
321 0 0 0 0
322 0 0 0 0
323 4 374 4 374
324 0 0 0 0
325 0 0 0 0
326 0 0 0 0
327 0 0 0 0
328 0 0 0 0
329 0 0 0 0
330 0 0 0 0
331 0 0 0 0
332 0 0 0 0
333 0 0 0 0
334 24 3084 22 5158
335 196 25073 208 212014
336 322 52732 360 1091927
337 109 7723 112 1049205
338 0 0 0 0
339 31 10096 35 10542
340 0 0 0 0
341 0 0 0 0
342 0 0 0 0
343 1 68 2 104
344 0 0 0 0
345 8 694 8 16227
346 1 68 2 104
347 2 80 0 0
348 2 80 2 80
349 0 0 0 0
350 0 0 0 0
351 0 0 0 0
352 0 0 0 0
353 0 0 0 0
354 0 0 0 0
355 0 0 0 0
356 0 0 0 0
357 3 1204 3 325
358 2 80 2 80
359 0 0 0 0
360 31 4488 31 2956
361 0 0 0 0
362 0 0 0 0
363 156 16739 162 346742
364 147 21899 171 580924
365 48 6314 53 137816
366 23 3624 24 4373
367 7 1546 7 591
368 2 80 2 80
369 284 21007 305 1585498
370 51 7575 55 48083
371 97 15909 105 51142
372 59 4656 60 409650
373 21 1722 22 16828
374 14 3477 14 1289
375 3 303 2 117
376 33 3952 34 8817
377 292 48528 768 988296
378 399 82676 1018 970818
379 173 31026 382 308225
380 234 39435 536 434474
381 306 650988 796 193244
382 123 22444 143 38106
383 74 11969 102 81271
384 14 2660 25 14855
385 20 5606 22 7068
386 7 2211 7 534
387 56 14819 55 17275
388 6 5134 8 2266
389 0 0 0 0
390 3 197 4 237
391 7 4981 9 723
392 6 3397 6 483
393 1 40 1 40
394 5 278 4 277
395 0 0 0 0
396 0 0 0 0
397 0 0 0 0
398 10 1578 11 1618
399 0 0 0 0
400 20 1776 18 1102
401 1 75 2 111
402 0 0 0 0
403 8 3566 11 512
404 57 14475 72 125948
405 37 1786 44 408443
406 22 3721 29 3869
407 8 1978 10 727
408 0 0 2 80
409 110 10290 113 231531
410 31 3277 34 118869
411 86 7662 87 410770
412 9 1747 10 957
413 27 1559 28 88431
414 25 3603 30 40642
415 66 6063 70 410698
416 9 1663 9 726
417 1 1017 1 40
418 29 3465 26 73089
419 20 3162 23 2518
420 73 6212 74 410631
421 7 1529 7 607
422 0 0 2 80
423 1 40 1 40
424 0 0 0 0
425 0 0 0 0
426 0 0 0 0
427 0 0 0 0
428 2 119 2 119
429 7 1816 7 607
430 5 246 5 246
431 0 0 0 0
432 0 0 0 0
433 2 108 3 144
434 0 0 0 0
435 0 0 0 0
436 0 0 0 0
437 2 119 2 119
438 9 1634 11 1239
439 22 5567 25 2496
440 6 303 7 343
441 4 245 4 245
442 18 31422 29 3567
443 9 1161 9 789
444 0 0 0 0
445 0 0 0 0
446 5 277 5 277
447 0 0 0 0
448 0 0 0 0
449 0 0 0 0
450 5 228 5 224
451 1 40 1 161
452 10 1185 10 708
453 3 159 3 159
454 0 0 0 0
455 0 0 0 0
456 0 0 0 0
457 5 277 5 277
458 0 0 0 0
459 12 714 12 714
460 2 80 2 80
461 0 0 0 0
462 0 0 0 0
463 2 108 3 144
464 0 0 0 0
465 0 0 0 0
466 0 0 0 0
467 0 0 0 0
468 2 119 2 119
469 0 0 0 0
470 2 80 4 160
471 0 0 0 0
472 0 0 0 0
473 3 159 3 159
474 0 0 0 0
475 2 119 2 119
476 0 0 0 0
477 4 238 4 238
478 0 0 0 0
479 4 238 4 238
480 2 80 2 80
481 0 0 0 0
482 0 0 0 0
483 1 40 1 40
484 0 0 0 0
485 0 0 0 0
486 3 187 4 223
487 0 0 0 0
488 2 119 2 119
489 0 0 0 0
490 5 263 5 200
491 1 40 1 40
492 0 0 0 0
493 2 108 3 144
494 0 0 0 0
495 0 0 0 0
496 0 0 0 0
497 2 80 2 80
498 2 126 2 126
499 2 119 2 119
500 10 1120 10 748
501 4 252 4 252
502 11 1374 11 915
503 3 197 4 191
504 0 0 0 0
505 8 8215 12 1007
506 3 183 3 120
507 17 932 17 704
508 0 0 0 0
509 18 48402 44 2242
510 6 349 6 479
511 0 0 0 0
512 0 0 0 0
513 0 0 0 0
514 1 40 1 161
515 8 1053 8 684
516 7 976 7 523
517 0 0 0 0
518 0 0 0 0
519 28 2978 29 2596
520 0 0 0 0
521 113 20082 123 115491
522 49 4125 52 407749
523 15 2455 16 1846
524 12 1103 12 1726
525 0 0 0 0
526 2 119 2 119
527 36 3254 36 3191
528 0 0 0 0
529 12 2652 12 1068
530 10 1349 11 1508
531 21 3757 21 5840
532 96 9976 101 257939
533 0 0 0 0
534 0 0 2 80
535 0 0 0 0
536 25 3080 24 6228
537 13 2068 14 8710
538 111 10534 118 522963
539 29 3686 33 17054
540 80 7492 95 299291
541 153 7882 173 3232634
542 2 196 2 5865
543 9 1318 11 3959
544 36 2764 52 57876
545 4 1033 7 1289
546 3 960 5 345
547 71 4746 94 155674
548 49 3708 53 663300
549 82 4303 101 1664108
550 9 1077 9 5250
551 10 400 10 19596
552 159 24046 161 73070
553 200 30832 239 162487
554 44 7252 46 33277
555 55 3494 67 492936
556 20 1711 21 166258
557 0 0 0 0
558 6 693 6 360
559 36 5137 36 17570
560 42 5430 45 25597
561 41 3148 53 83156
562 1 40 0 0
563 20 1808 19 22092
564 8 320 8 12511
565 1 249 1 40
566 115 7188 135 794194
567 93 5214 102 1279517
568 7 1261 7 3507
569 56 8388 54 40790
570 0 0 0 0
571 69 10541 67 23394
572 198 25366 354 388294
573 72 14475 110 88332
574 82 9533 86 143463
575 225 17046 253 1360160
576 14 1064 15 46451
577 0 0 0 0
578 0 0 0 0
579 4 238 4 238
580 15 857 15 818
581 0 0 0 0
582 0 0 0 0
583 3 187 4 223
584 2 80 2 80
585 0 0 0 0
586 0 0 0 0
587 0 0 0 0
588 2 126 2 126
589 0 0 0 0
590 6 772 6 400
591 0 0 0 0
592 0 0 0 0
593 0 0 0 0
594 2 80 2 80
595 0 0 0 0
596 0 0 0 0
597 0 0 0 0
598 0 0 0 0
599 0 0 0 0
600 0 0 0 0
601 0 0 0 0
602 0 0 0 0
603 0 0 0 0
604 2 80 2 80
605 0 0 0 0
606 0 0 0 0
607 0 0 0 0
608 0 0 0 0
609 0 0 0 0
610 1 68 2 104
611 0 0 0 0
612 0 0 0 0
613 3 194 4 230
614 34 2222 34 171563
615 0 0 0 0
616 0 0 0 0
617 2 119 2 119
618 0 0 0 0
619 4 245 4 245
620 0 0 0 0
621 17 2830 18 7142
622 0 0 0 0
623 105 10834 114 211455
624 2 80 2 80
625 0 0 0 0
626 5 278 5 399
627 6 732 6 400
628 5 729 5 239
629 3 8828 8 320
630 2 126 2 171
631 2 126 2 126
632 0 0 0 0
633 0 0 0 0
634 6 318 6 318
635 0 0 0 0
636 0 0 0 0
637 0 0 0 0
638 2 119 2 119
639 6 357 6 357
640 0 0 0 0
641 0 0 0 0
642 2 119 2 119
643 1 68 2 104
644 2 80 2 80
645 0 0 0 0
646 0 0 0 0
647 5 277 5 277
648 1 68 2 104
649 2 119 2 119
650 0 0 0 0
651 0 0 0 0
652 0 0 0 0
653 35 5046 34 15457
654 4 193 8 934
655 0 0 0 0
656 0 0 0 0
657 0 0 0 0
658 0 0 0 0
659 0 0 0 0
660 4 653 4 281
661 0 0 0 0
662 0 0 2 80
663 1 40 0 0
664 3 120 3 120
665 0 0 0 0
666 0 0 0 0
667 0 0 0 0
668 6 959 6 240
669 26 2942 32 60551
670 261 20535 286 2567880
671 54 2206 69 347510
672 2 119 2 119
673 1 68 2 104
674 1 40 1 40
675 2 119 2 119
676 0 0 0 0
677 3 205 3 159
678 5 653 5 367
679 0 0 0 0
680 0 0 0 0
681 3 966 4 199
682 8 2537 10 673
683 0 0 0 0
684 5 278 5 278
685 2 119 2 119
686 2 119 2 119
687 0 0 0 0
688 1 68 2 104
689 0 0 0 0
690 0 0 0 0
691 9 549 9 360
692 10 541 10 502
693 1 40 1 64
694 4 223 4 160
695 1 40 1 64
696 0 0 0 0
697 0 0 0 0
698 0 0 0 0
699 0 0 0 0
700 0 0 0 0
701 1 75 2 111
702 3 183 3 120
703 2 108 3 168
704 1 40 1 40
705 0 0 0 0
706 0 0 0 0
707 0 0 0 0
708 0 0 0 0
709 0 0 0 0
710 0 0 0 0
711 0 0 0 0
712 0 0 0 0
713 19 1917 18 1977
714 38 3365 40 87477
715 0 0 0 0
716 0 0 0 0
717 0 0 0 0
718 1 68 2 104
719 0 0 0 0
720 0 0 0 0
721 0 0 0 0
722 0 0 0 0
723 0 0 0 0
724 6 730 5 321
725 5 277 5 200
726 0 0 0 0
727 0 0 0 0
728 0 0 0 0
729 2 119 2 119
730 10 955 10 584
731 6 356 6 279
732 4 223 4 184
733 1 68 2 104
734 1 40 1 40
735 1 40 1 40
736 0 0 0 0
737 0 0 0 0
738 8 446 8 320
739 4 223 4 160
740 6 342 6 303
741 2 126 2 126
742 0 0 0 0
743 0 0 0 0
744 1 40 1 40
745 1 40 1 40
746 8 446 8 368
747 1 40 1 161
748 4 681 5 224
749 0 0 0 0
750 0 0 0 0
751 0 0 0 0
752 0 0 0 0
753 0 0 0 0
754 1 40 1 40
755 1 40 1 40
756 0 0 0 0
757 0 0 0 0
758 0 0 0 0
759 0 0 0 0
760 0 0 0 0
761 0 0 0 0
762 0 0 0 0
763 1 68 2 104
764 0 0 0 0
765 2 80 2 80
766 0 0 0 0
767 0 0 0 0
768 0 0 0 0
769 2 80 2 80
770 0 0 0 0
771 0 0 0 0
772 0 0 0 0
773 2 119 2 119
774 38 5398 41 16174
775 1 40 1 40
776 0 0 0 0
777 0 0 0 0
778 2 108 3 265
779 3 610 3 120
780 0 0 0 0
781 0 0 0 0
782 0 0 0 0
783 0 0 0 0
784 1 40 0 0
785 6 303 6 264
786 0 0 0 0
787 2 119 2 119
788 2 119 2 119
789 1 40 1 161
790 3 613 3 120
791 3 183 4 223
792 0 0 0 0
793 1 68 2 104
794 4 223 4 160
795 2 80 2 80
796 0 0 0 0
797 0 0 0 0
798 0 0 0 0
799 2 126 2 126
800 0 0 0 0
801 0 0 0 0
802 0 0 0 0
803 0 0 0 0
804 0 0 0 0
805 2 80 2 80
806 0 0 0 0
807 4 337 4 2907
808 0 0 0 0
809 0 0 0 0
810 0 0 0 0
811 0 0 0 0
812 0 0 0 0
813 0 0 0 0
814 0 0 0 0
815 2 80 2 80
816 0 0 0 0
817 1 68 2 104
818 1 40 1 161
819 3 573 3 120
820 0 0 0 0
821 0 0 0 0
822 0 0 0 0
823 1 68 2 104
824 0 0 0 0
825 2 80 2 80
826 0 0 0 0
827 0 0 0 0
828 0 0 0 0
829 2 80 2 80
830 0 0 0 0
831 2 119 2 119
832 0 0 0 0
833 0 0 0 0
834 13 2636 54 52861
835 39 3391 309 360541
836 0 0 0 0
837 0 0 0 0
838 0 0 0 0
839 0 0 0 0
840 0 0 0 0
841 0 0 0 0
842 0 0 0 0
843 0 0 0 0
844 0 0 0 0
845 1 40 1 40
846 3 824 3 231
847 42 3837 52 70548
848 205 9361 239 3624328
849 95 3835 108 3612538
850 1 40 1 161
851 3 613 3 120
852 0 0 0 0
853 5 305 6 264
854 0 0 0 0
855 1 40 1 40
856 1 40 1 161
857 13 3155 13 1095
858 16 1071 15 28193
859 12 2416 12 41834
860 69 7961 76 371460
861 1 40 0 0
862 0 0 0 0
863 0 0 0 0
864 1 61 1 61
865 171 17543 654 899368
866 204 38541 310 266004
867 130 15751 502 817805
868 13 774 52 70540
869 3 1397 3 229
870 0 0 0 0
871 0 0 0 0
872 0 0 0 0
873 0 0 0 0
874 0 0 0 0
875 1 40 1 40
876 2 80 0 0
877 5 200 2 80
878 3 120 3 120
879 0 0 0 0
880 1 68 2 104
881 0 0 0 0
882 0 0 0 0
883 1 68 2 104
884 0 0 0 0
885 5 263 5 200
886 0 0 0 0
887 0 0 0 0
888 0 0 0 0
889 0 0 0 0
890 0 0 0 0
891 20 1360 20 1360
892 0 0 0 0
893 0 0 0 0
894 72 6879 65 5388
895 36 5075 50 22779
896 8 748 7 28844
897 36 3603 35 3386
898 2 1369 1 40
899 40 2351 40 406384
900 19 1659 19 2131
901 2 203 2 1281
902 38 4966 42 34764
903 7 2163 7 864
904 0 0 0 0
905 4 245 4 245
906 8 476 8 476
907 4 199 2 119
908 10 1870 10 794
909 3 573 3 120
910 0 0 0 0
911 2 119 2 119
912 8 476 8 476
913 25 3177 24 7319
914 4 245 4 245
915 0 0 0 0
916 0 0 0 0
917 2 119 2 119
918 17 962 20 984
919 2 119 2 119
920 4 245 4 245
921 0 0 0 0
922 0 0 0 0
923 2 119 2 119
924 8 612 8 612
925 2 119 2 119
926 4 245 4 245
927 0 0 0 0
928 3 120 3 241
929 5 732 5 239
930 4 238 4 238
931 2 119 2 119
932 2 119 2 119
933 0 0 0 0
934 2 126 2 126
935 2 119 2 119
936 4 238 4 238
937 7 721 6 661
938 14 2408 16 4468
939 0 0 0 0
940 3 166 3 410
941 5 692 5 239
942 8 572 8 3062
943 1 68 2 104
944 2 119 2 119
945 0 0 0 0
946 2 126 2 126
947 2 119 2 119
948 8 437 8 437
949 0 0 0 0
950 3 159 3 281
951 3 610 3 120
952 0 0 0 0
953 2 119 2 119
954 6 357 6 357
955 4 384 4 384
956 30 3470 28 5686
957 0 0 0 0
958 2 80 2 80
959 2 119 2 119
960 8 476 8 476
961 2 119 2 119
962 18 2138 19 2129
963 0 0 0 0
964 0 0 0 0
965 2 119 2 119
966 10 1129 9 512
967 2 80 2 2277
968 7 365 7 486
969 6 796 7 343
970 0 0 0 0
971 2 119 2 119
972 4 238 4 238
973 1 68 2 104
974 4 245 4 245
975 0 0 0 0
976 0 0 0 0
977 3 159 3 159
978 6 318 6 318
979 1 410 1 40
980 18 2225 19 29328
981 1 417 1 40
982 1 76 1 40
983 2 119 2 119
984 36 4029 37 407950
985 12 2500 17 6553
986 31 4455 30 18822
987 2 1077 10 400
988 5 301 8 22340
989 10 760 13 28763
990 46 2024 48 378542
991 10 2821 10 1936
992 2 126 2 126
993 1 40 1 161
994 3 573 5 200
995 2 119 2 119
996 2 119 2 119
997 5 278 5 278
998 2 80 2 80
999 3 194 4 230
1000 0 0 0 0
1001 4 234 4 230
1002 2 119 4 199
1003 5 306 6 342
1004 9 1250 9 20963
1005 179 14736 207 997754
1006 70 2800 73 2966421
1007 3 159 3 159
1008 3 120 3 242
1009 7 851 7 358
1010 2 119 2 119
1011 0 0 0 0
1012 7 826 8 13821
1013 56 3590 64 346194
1014 4 245 4 245
1015 4 238 4 238
1016 0 0 0 0
1017 1 40 1 40
1018 0 0 2 80
1019 6 357 6 357
1020 6 500 6 500
1021 6 357 6 357
1022 0 0 0 0
1023 0 0 0 0
1024 0 0 0 0
1025 4 238 4 238
1026 2 126 2 126
1027 5 278 5 278
1028 0 0 0 0
1029 0 0 0 0
1030 0 0 0 0
1031 4 238 4 238
1032 2 126 2 126
1033 5 306 6 342
1034 0 0 0 0
1035 0 0 0 0
1036 0 0 0 0
1037 5 278 5 278
1038 2 126 2 126
1039 7 397 7 518
1040 4 678 5 224
1041 0 0 0 0
1042 0 0 0 0
1043 4 238 4 238
1044 0 0 0 0
1045 6 364 6 364
1046 12 2562 17 7498
1047 7 812 7 440
1048 0 0 0 0
1049 4 238 4 238
1050 0 0 2 80
1051 156 20055 163 32996
1052 283 12764 327 3936652
1053 0 0 0 0
1054 0 0 0 0
1055 6 442 6 934
1056 0 0 0 0
1057 5 278 5 278
1058 2 126 2 126
1059 0 0 0 0
1060 0 0 0 0
1061 4 238 4 238
1062 1 40 0 0
1063 6 346 7 382
1064 2 126 2 126
1065 0 0 0 0
1066 0 0 0 0
1067 6 346 7 382
1068 0 0 0 0
1069 4 238 4 238
1070 2 126 2 126
1071 2 80 2 80
1072 4 238 4 238
1073 20 2494 20 1737
1074 5 200 5 44439
1075 4 238 4 238
1076 30 4483 29 13150
1077 0 0 0 0
1078 1 40 1 161
1079 9 930 9 477
1080 0 0 0 0
1081 4 238 4 238
1082 0 0 0 0
1083 1 40 1 40
1084 2 126 2 126
1085 4 238 4 238
1086 0 0 0 0
1087 4 238 4 238
1088 0 0 0 0
1089 0 0 0 0
1090 2 126 2 126
1091 5 306 6 342
1092 0 0 0 0
1093 9 516 8 476
1094 6 296 7 376
1095 0 0 0 0
1096 0 0 0 0
1097 0 0 1 40
1098 0 0 0 0
1099 18 1370 18 1370
1100 0 0 0 0
1101 0 0 0 0
1102 0 0 0 0
1103 0 0 0 0
1104 1 40 1 40
1105 12 721 12 721
1106 0 0 2 80
1107 0 0 10 400
1108 0 0 3 120
1109 1 40 1 161
1110 3 610 6 240
1111 10 595 10 595
1112 4 653 4 281
1113 0 0 0 0
1114 1 40 6 240
1115 0 0 0 0
1116 0 0 0 0
1117 10 602 10 602
1118 0 0 0 0
1119 0 0 0 0
1120 0 0 0 0
1121 0 0 0 0
1122 1 68 5 224
1123 11 670 12 706
1124 1 40 1 40
1125 1 169 0 0
1126 4 223 4 160
1127 0 0 0 0
1128 0 0 0 0
1129 10 602 10 602
1130 0 0 0 0
1131 2 119 2 119
1132 6 342 6 279
1133 3 183 4 223
1134 1 40 1 40
1135 10 602 10 602
1136 10 2344 15 6442
1137 23 3688 63 72742
1138 0 0 3 120
1139 0 0 0 0
1140 8 476 8 476
1141 0 0 0 0
1142 2 126 2 126
1143 0 0 0 0
1144 1 40 1 40
1145 0 0 0 0
1146 8 476 8 476
1147 0 0 0 0
1148 6 472 6 472
1149 0 0 0 0
1150 0 0 0 0
1151 5 291 6 288
1152 8 476 8 476
1153 1 68 2 104
1154 3 166 3 166
1155 0 0 0 0
1156 0 0 0 0
1157 0 0 0 0
1158 12 699 12 660
1159 0 0 0 0
1160 6 349 6 310
1161 8 446 8 368
1162 0 0 0 0
1163 0 0 0 0
1164 3 159 3 159
1165 0 0 0 0
1166 2 126 2 126
1167 3 151 3 120
1168 0 0 0 0
1169 2 119 2 119
1170 2 119 5 239
1171 0 0 0 0
1172 2 126 2 126
1173 0 0 0 0
1174 0 0 0 0
1175 0 0 0 0
1176 2 119 2 119
1177 1 68 2 104
1178 2 126 2 126
1179 0 0 0 0
1180 0 0 0 0
1181 0 0 0 0
1182 2 119 2 119
1183 1 68 2 104
1184 2 126 2 126
1185 0 0 0 0
1186 0 0 0 0
1187 0 0 0 0
1188 2 119 2 119
1189 0 0 0 0
1190 5 285 5 406
1191 3 610 3 120
1192 1 40 1 161
1193 3 613 3 120
1194 12 841 11 901
1195 0 0 0 0
1196 0 0 0 0
1197 20 4014 23 4724
1198 2 126 2 126
1199 0 0 0 0
1200 2 119 2 119
1201 0 0 0 0
1202 0 0 0 0
1203 0 0 0 0
1204 2 126 2 126
1205 0 0 0 0
1206 2 119 2 119
1207 0 0 0 0
1208 0 0 0 0
1209 0 0 0 0
1210 2 126 2 126
1211 0 0 0 0
1212 2 119 2 119
1213 1 68 2 104
1214 1 68 2 104
1215 0 0 0 0
1216 2 126 2 126
1217 0 0 0 0
1218 2 119 2 119
1219 0 0 0 0
1220 0 0 0 0
1221 0 0 0 0
1222 3 166 3 286
1223 7 796 7 280
1224 2 119 2 119
1225 4 223 4 160
1226 0 0 0 0
1227 18 2383 19 12668
1228 4 650 4 281
1229 0 0 0 0
1230 0 0 0 0
1231 0 0 0 0
1232 1 40 2 5085
1233 2 126 2 126
1234 0 0 3 120
1235 1 40 1 161
1236 3 613 3 120
1237 0 0 0 0
1238 0 0 0 0
1239 0 0 0 0
1240 6 837 6 8528
1241 44 4719 60 119185
1242 1 40 3 166
1243 1 68 2 104
1244 4 223 4 160
1245 1 68 2 104
1246 0 0 0 0
1247 1 86 1 40
1248 1 40 1 86
1249 0 0 0 0
1250 0 0 0 0
1251 0 0 0 0
1252 0 0 0 0
1253 1 86 1 40
1254 1 40 1 86
1255 2 119 2 119
1256 0 0 0 0
1257 0 0 0 0
1258 0 0 0 0
1259 1 86 1 40
1260 1 40 1 86
1261 0 0 0 0
1262 0 0 0 0
1263 0 0 0 0
1264 0 0 0 0
1265 1 86 1 40
1266 1 40 1 86
1267 0 0 0 0
1268 0 0 0 0
1269 0 0 0 0
1270 1 68 2 104
1271 1 86 1 40
1272 1 40 1 86
1273 1 68 2 104
1274 0 0 0 0
1275 0 0 0 0
1276 1 40 1 161
1277 3 573 3 120
1278 0 0 0 0
1279 0 0 0 0
1280 0 0 0 0
1281 1 86 1 40
1282 2 80 2 172
1283 0 0 0 0
1284 0 0 0 0
1285 2 119 2 119
1286 0 0 0 0
1287 41 6244 183 229898
1288 10 705 153 211351
1289 0 0 0 0
1290 0 0 0 0
1291 0 0 0 0
1292 1 86 1 40
1293 12 1232 11 864
1294 16 2109 14 6178
1295 38 8501 35 49188
1296 33 4784 36 223801
1297 91 6074 105 376359
1298 91 5025 100 308834
1299 43 2329 44 162957
1300 0 0 0 0
1301 4 208 6 288
1302 1 75 2 111
1303 5 276 8 392
1304 6 334 8 414
1305 1 40 0 0
1306 1 40 1 40
1307 0 0 0 0
1308 0 0 0 0
1309 0 0 0 0
1310 1 40 1 161
1311 13 1911 12 1166
1312 8 2986 10 644
1313 0 0 0 0
1314 2 119 2 119
1315 2 108 3 265
1316 4 660 4 160
1317 0 0 0 0
1318 0 0 0 0
1319 0 0 0 0
1320 0 0 0 0
1321 2 126 2 126
1322 0 0 0 0
1323 0 0 0 0
1324 0 0 0 0
1325 0 0 0 0
1326 1 40 1 40
1327 7 814 8 442
1328 0 0 0 0
1329 0 0 0 0
1330 54 2286 55 250057
1331 0 0 0 0
1332 0 0 0 0
1333 1 68 2 104
1334 0 0 0 0
1335 0 0 0 0
1336 1 40 1 40
1337 0 0 0 0
1338 0 0 0 0
1339 0 0 0 0
1340 0 0 0 0
1341 0 0 0 0
1342 0 0 0 0
1343 7 1054 6 532
1344 31 2012 32 106708
1345 0 0 0 0
1346 1 40 1 40
1347 0 0 0 0
1348 65 5569 84 256942
1349 0 0 0 0
1350 0 0 0 0
1351 0 0 0 0
1352 0 0 0 0
1353 0 0 0 0
1354 0 0 0 0
1355 0 0 0 0
1356 1 40 1 40
1357 0 0 0 0
1358 3 187 4 223
1359 0 0 0 0
1360 0 0 0 0
1361 1 40 1 302
1362 3 610 6 240
1363 1 68 2 104
1364 0 0 0 0
1365 0 0 0 0
1366 1 40 1 40
1367 0 0 0 0
1368 4 223 4 160
1369 0 0 0 0
1370 2 126 2 126
1371 0 0 0 0
1372 0 0 0 0
1373 0 0 0 0
1374 0 0 0 0
1375 0 0 0 0
1376 1 40 1 40
1377 0 0 0 0
1378 0 0 0 0
1379 0 0 0 0
1380 0 0 0 0
1381 0 0 0 0
1382 0 0 0 0
1383 0 0 0 0
1384 0 0 0 0
1385 0 0 0 0
1386 5 277 5 246
1387 1 40 1 71
1388 0 0 0 0
1389 2 119 2 119
1390 1 68 2 104
1391 0 0 0 0
1392 0 0 0 0
1393 1 68 2 104
1394 0 0 0 0
1395 0 0 0 0
1396 2 80 2 201
1397 3 613 3 120
1398 4 223 4 184
1399 1 40 1 161
1400 3 573 3 120
1401 0 0 0 0
1402 0 0 0 0
1403 2 119 2 119
1404 4 374 4 374
1405 0 0 0 0
1406 1 40 1 40
1407 0 0 0 0
1408 22 2476 24 41330
1409 0 0 0 0
1410 0 0 0 0
1411 2 80 2 80
1412 4 223 4 160
1413 0 0 0 0
1414 0 0 0 0
1415 0 0 0 0
1416 0 0 0 0
1417 0 0 0 0
1418 0 0 0 0
1419 1 68 2 104
1420 0 0 0 0
1421 0 0 0 0
1422 0 0 0 0
1423 1 68 2 104
1424 0 0 0 0
1425 0 0 0 0
1426 0 0 0 0
1427 0 0 0 0
1428 0 0 0 0
1429 0 0 0 0
1430 4 650 4 281
1431 0 0 0 0
1432 0 0 0 0
1433 0 0 0 0
1434 0 0 0 0
1435 0 0 0 0
1436 0 0 0 0
1437 1 40 1 161
1438 3 573 3 120
1439 0 0 0 0
1440 0 0 0 0
1441 0 0 0 0
1442 0 0 0 0
1443 0 0 0 0
1444 0 0 0 0
1445 0 0 0 0
1446 0 0 0 0
1447 2 119 2 119
1448 0 0 0 0
1449 0 0 0 0
1450 3 183 4 223
1451 0 0 0 0
1452 0 0 0 0
1453 2 108 3 265
1454 3 613 3 120
1455 0 0 0 0
1456 0 0 0 0
1457 2 140 2 140
1458 9 1330 8 757
1459 117 18524 108 124514
1460 400 28937 432 1551810
1461 179 10833 190 746692
1462 401 36040 441 1471805
1463 407 17472 420 1570737
1464 387 17747 436 1828024
1465 327 13080 388 1256935
1466 70 2800 84 311766
1467 8 431 11 551
1468 13 866 14 886
1469 32 2760 42 107520
1470 4 208 6 288
1471 4 208 6 288
1472 0 0 0 0
1473 0 0 0 0
1474 0 0 0 0
1475 0 0 0 0
1476 0 0 0 0
1477 0 0 0 0
1478 0 0 0 0
1479 2 80 0 0
1480 17 3205 15 15772
1481 18 1167 18 155588
1482 34 1360 34 192084
1483 1 68 2 104
1484 0 0 0 0
1485 6 682 6 27752
1486 8 811 8 22303
1487 25 2792 25 84003
1488 81 7948 88 240190
1489 79 4878 80 288158
1490 38 8364 34 42066
1491 44 4453 48 325776
1492 10 400 12 55247
1493 1 40 1 3057
1494 10 722 9 782
1495 0 0 0 0
1496 13 664 19 904
1497 0 0 0 0
1498 11 1854 13 32509
1499 107 9188 104 418976
1500 232 14980 238 992035
1501 236 9440 249 1148790
1502 273 10920 297 1042229
1503 109 4813 130 421583
1504 3 144 3 144
1505 0 0 0 0
1506 6 312 9 432
1507 2 104 3 144
1508 2 104 3 144
1509 0 0 0 0
1510 2 80 2 80
1511 0 0 0 0
1512 0 0 0 0
1513 1 68 2 104
1514 0 0 0 0
1515 4 223 4 160
1516 0 0 0 0
1517 0 0 0 0
1518 0 0 0 0
1519 0 0 0 0
1520 2 80 2 80
1521 0 0 0 0
1522 0 0 0 0
1523 0 0 0 0
1524 0 0 0 0
1525 2 119 2 119
1526 0 0 0 0
1527 0 0 0 0
1528 0 0 0 0
1529 0 0 0 0
1530 2 80 2 80
1531 0 0 0 0
1532 0 0 0 0
1533 0 0 0 0
1534 2 104 3 144
1535 1 40 1 161
1536 3 613 3 120
1537 0 0 0 0
1538 0 0 0 0
1539 0 0 0 0
1540 1 40 1 40
1541 1 68 2 104
1542 0 0 0 0
1543 1 68 2 104
1544 0 0 0 0
1545 0 0 0 0
1546 0 0 0 0
1547 0 0 0 0
1548 0 0 0 0
1549 0 0 0 0
1550 1 40 1 40
1551 0 0 0 0
1552 0 0 0 0
1553 0 0 0 0
1554 0 0 0 0
1555 1 40 1 161
1556 3 610 3 120
1557 0 0 0 0
1558 0 0 0 0
1559 0 0 0 0
1560 1 40 1 40
1561 0 0 0 0
1562 0 0 0 0
1563 0 0 0 0
1564 0 0 0 0
1565 4 613 4 281
1566 0 0 0 0
1567 0 0 0 0
1568 0 0 0 0
1569 0 0 0 0
1570 1 40 1 40
1571 0 0 0 0
1572 0 0 0 0
1573 1 68 2 104
1574 0 0 0 0
1575 0 0 0 0
1576 0 0 0 0
1577 0 0 0 0
1578 0 0 0 0
1579 4 223 4 184
1580 2 108 3 144
1581 0 0 0 0
1582 0 0 0 0
1583 0 0 0 0
1584 2 80 2 80
1585 0 0 0 0
1586 0 0 0 0
1587 0 0 0 0
1588 0 0 0 0
1589 0 0 0 0
1590 0 0 0 0
1591 0 0 0 0
1592 0 0 0 0
1593 0 0 0 0
1594 34 3077 42 77337
1595 0 0 0 0
1596 1 40 1 161
1597 3 573 3 120
1598 0 0 0 0
1599 0 0 0 0
1600 0 0 0 0
1601 2 117 2 113
1602 2 115 2 111
1603 1 68 2 104
1604 0 0 0 0
1605 0 0 0 0
1606 0 0 0 0
1607 0 0 0 0
1608 0 0 0 0
1609 0 0 0 0
1610 0 0 0 0
1611 0 0 0 0
1612 0 0 0 0
1613 0 0 0 0
1614 0 0 5 805
1615 0 0 1 161
1616 9 1346 3 120
1617 0 0 0 0
1618 0 0 3 120
1619 0 0 0 0
1620 1 68 2 104
1621 0 0 0 0
1622 0 0 0 0
1623 0 0 0 0
1624 0 0 0 0
1625 0 0 0 0
1626 0 0 0 0
1627 0 0 0 0
1628 0 0 0 0
1629 0 0 0 0
1630 18 3238 19 7177
1631 0 0 0 0
1632 0 0 0 0
1633 1 68 2 104
1634 0 0 0 0
1635 0 0 0 0
1636 4 613 4 280
1637 0 0 0 0
1638 0 0 0 0
1639 0 0 0 0
1640 0 0 0 0
1641 0 0 0 0
1642 0 0 0 0
1643 0 0 0 0
1644 0 0 0 0
1645 0 0 0 0
1646 0 0 0 0
1647 0 0 0 0
1648 0 0 0 0
1649 0 0 0 0
1650 0 0 0 0
1651 0 0 0 0
1652 0 0 0 0
1653 0 0 0 0
1654 0 0 0 0
1655 0 0 0 0
1656 4 653 4 281
1657 0 0 0 0
1658 0 0 0 0
1659 0 0 0 0
1660 0 0 0 0
1661 0 0 0 0
1662 0 0 0 0
1663 1 68 2 104
1664 0 0 0 0
1665 1 68 2 104
1666 0 0 0 0
1667 0 0 0 0
1668 0 0 0 0
1669 0 0 0 0
1670 0 0 0 0
1671 0 0 0 0
1672 0 0 0 0
1673 0 0 0 0
1674 0 0 0 0
1675 0 0 0 0
1676 0 0 0 0
1677 0 0 0 0
1678 0 0 0 0
1679 0 0 0 0
1680 0 0 0 0
1681 0 0 0 0
1682 0 0 0 0
1683 0 0 0 0
1684 0 0 0 0
1685 0 0 0 0
1686 0 0 0 0
1687 0 0 0 0
1688 0 0 0 0
1689 0 0 0 0
1690 3 198 3 159
1691 0 0 0 0
1692 0 0 0 0
1693 2 136 4 208
1694 0 0 0 0
1695 0 0 0 0
1696 0 0 0 0
1697 0 0 0 0
1698 0 0 0 0
1699 0 0 0 0
1700 0 0 0 0
1701 4 650 4 281
1702 0 0 0 0
1703 0 0 0 0
1704 4 374 4 374
1705 0 0 0 0
1706 0 0 0 0
1707 0 0 0 0
1708 0 0 0 0
1709 0 0 0 0
1710 0 0 0 0
1711 0 0 0 0
1712 0 0 0 0
1713 0 0 0 0
1714 0 0 0 0
1715 0 0 0 0
1716 1 40 1 161
1717 3 573 3 120
1718 0 0 0 0
1719 0 0 0 0
1720 0 0 0 0
1721 0 0 0 0
1722 1 68 2 104
1723 1 68 2 104
1724 0 0 0 0
1725 0 0 0 0
1726 0 0 0 0
1727 0 0 0 0
1728 0 0 0 0
1729 0 0 0 0
1730 0 0 0 0
1731 0 0 0 0
1732 0 0 0 0
1733 0 0 0 0
1734 0 0 0 0
1735 0 0 0 0
1736 1 40 1 161
1737 3 613 3 120
1738 0 0 0 0
1739 0 0 0 0
1740 0 0 0 0
1741 0 0 0 0
1742 0 0 0 0
1743 0 0 0 0
1744 0 0 0 0
1745 0 0 0 0
1746 0 0 0 0
1747 0 0 0 0
1748 0 0 0 0
1749 2 119 2 119
1750 0 0 0 0
1751 0 0 0 0
1752 0 0 0 0
1753 1 68 2 104
1754 1 68 2 104
1755 0 0 0 0
1756 21 4545 25 5660
1757 21 1754 20 3578
1758 27 4068 26 12065
1759 28 2660 21 2930
1760 18 1825 15 1868
1761 28 3861 24 4607
1762 167 30336 263 202322
1763 110 18512 359 405456
1764 0 0 0 0
1765 0 0 0 0
1766 5 1315 5 341
1767 11 685 71 84132
1768 11 2719 17 7713
1769 12 3342 14 2754
1770 18 3927 38 26529
1771 54 9191 363 470339
1772 201 35476 591 699072
1773 0 0 0 0
1774 0 0 0 0
1775 0 0 0 0
1776 0 0 0 0
1777 0 0 0 0
1778 0 0 0 0
1779 0 0 0 0
1780 5 439 5 439
1781 0 0 0 0
1782 0 0 0 0
1783 5 718 6 385
1784 0 0 0 0
1785 4 653 4 281
1786 0 0 0 0
1787 0 0 0 0
1788 1 68 2 104
1789 0 0 0 0
1790 0 0 0 0
1791 0 0 0 0
1792 0 0 0 0
1793 0 0 0 0
1794 12 1367 11 1427
1795 0 0 0 0
1796 0 0 0 0
1797 0 0 0 0
1798 0 0 0 0
1799 0 0 0 0
1800 0 0 0 0
1801 17 2654 17 6807
1802 0 0 0 0
1803 0 0 0 0
1804 0 0 0 0
1805 0 0 0 0
1806 0 0 0 0
1807 0 0 0 0
1808 0 0 0 0
1809 0 0 0 0
1810 0 0 0 0
1811 0 0 0 0
1812 1 76 1 76
1813 2 136 4 208
1814 0 0 0 0
1815 0 0 0 0
1816 0 0 0 0
1817 0 0 0 0
1818 0 0 0 0
1819 0 0 0 0
1820 0 0 0 0
1821 4 245 4 245
1822 0 0 0 0
1823 0 0 0 0
1824 0 0 0 0
1825 7 630 7 9459
1826 56 3685 74 242309
1827 0 0 0 0
1828 1 40 1 161
1829 3 610 3 120
1830 0 0 0 0
1831 0 0 0 0
1832 0 0 0 0
1833 0 0 0 0
1834 0 0 0 0
1835 0 0 0 0
1836 0 0 0 0
1837 0 0 0 0
1838 0 0 0 0
1839 1 40 1 161
1840 3 573 3 120
1841 0 0 0 0
1842 1 40 1 160
1843 4 681 5 224
1844 0 0 0 0
1845 0 0 0 0
1846 0 0 0 0
1847 0 0 0 0
1848 0 0 0 0
1849 0 0 0 0
1850 1 68 2 104
1851 0 0 0 0
1852 0 0 0 0
1853 0 0 0 0
1854 0 0 0 0
1855 0 0 0 0
1856 0 0 0 0
1857 0 0 0 0
1858 0 0 0 0
1859 0 0 0 0
1860 0 0 0 0
1861 0 0 0 0
1862 13 1825 13 1780
1863 0 0 0 0
1864 0 0 0 0
1865 0 0 0 0
1866 0 0 0 0
1867 65 2987 73 742642
1868 0 0 0 0
1869 0 0 0 0
1870 0 0 0 0
1871 0 0 0 0
1872 0 0 0 0
1873 1 68 2 104
1874 0 0 0 0
1875 0 0 0 0
1876 0 0 0 0
1877 2 116 2 361
1878 4 613 4 281
1879 3 613 3 120
1880 4 245 4 245
1881 0 0 0 0
1882 0 0 0 0
1883 0 0 0 0
1884 2 119 2 119
1885 0 0 0 0
1886 0 0 0 0
1887 0 0 0 0
1888 0 0 0 0
1889 1 68 2 104
1890 0 0 0 0
1891 0 0 0 0
1892 0 0 0 0
1893 0 0 0 0
1894 0 0 0 0
1895 0 0 0 0
1896 0 0 0 0
1897 0 0 0 0
1898 0 0 0 0
1899 0 0 0 0
1900 17 928 19 139527
1901 0 0 0 0
1902 1 75 2 111
1903 1 68 2 104
1904 1 40 1 161
1905 3 610 3 120
1906 0 0 0 0
1907 0 0 0 0
1908 0 0 0 0
1909 0 0 0 0
1910 0 0 0 0
1911 0 0 0 0
1912 0 0 0 0
1913 0 0 0 0
1914 0 0 0 0
1915 0 0 0 0
1916 0 0 0 0
1917 4 653 4 281
1918 0 0 0 0
1919 0 0 0 0
1920 0 0 0 0
1921 2 119 2 119
1922 0 0 0 0
1923 0 0 0 0
1924 0 0 0 0
1925 0 0 0 0
1926 0 0 0 0
1927 0 0 0 0
1928 1 68 2 104
1929 0 0 0 0
1930 0 0 0 0
1931 1 40 1 161
1932 3 573 3 120
1933 9 528 10 424
1934 0 0 0 0
1935 0 0 0 0
1936 0 0 0 0
1937 0 0 0 0
1938 0 0 0 0
1939 0 0 0 0
1940 0 0 0 0
1941 0 0 0 0
1942 0 0 0 0
1943 2 119 2 119
1944 0 0 0 0
1945 0 0 0 0
1946 0 0 0 0
1947 0 0 0 0
1948 0 0 0 0
1949 0 0 0 0
1950 0 0 0 0
1951 0 0 0 0
1952 0 0 0 0
1953 0 0 0 0
1954 0 0 0 0
1955 0 0 0 0
1956 1 68 2 104
1957 0 0 0 0
1958 0 0 0 0
1959 2 119 2 119
1960 0 0 0 0
1961 0 0 0 0
1962 0 0 0 0
1963 1 68 2 104
1964 0 0 0 0
1965 1 40 1 161
1966 3 610 3 120
1967 9 1973 13 3846
1968 20 2212 20 2654
1969 46 7777 68 34044
1970 24 1439 108 140646
1971 116 24251 442 537002
1972 24 7593 46 44077
1973 20 2396 81 88404
1974 34 8164 75 68208
1975 0 0 0 0
1976 0 0 0 0
1977 0 0 0 0
1978 0 0 0 0
1979 3 159 3 280
1980 4 681 5 224
1981 0 0 0 0
1982 0 0 0 0
1983 0 0 0 0
1984 0 0 0 0
1985 0 0 0 0
1986 0 0 0 0
1987 0 0 0 0
1988 0 0 0 0
1989 0 0 0 0
1990 0 0 0 0
1991 0 0 0 0
1992 18 3552 31 15459
1993 1 68 2 104
1994 0 0 0 0
1995 2 718 1 60
1996 17 3032 27 9322
1997 0 0 0 0
1998 0 0 0 0
1999 22 4097 29 11371
2000 100 17258 137 69098
2001 25 4000 106 113918
2002 80 16129 390 473383
2003 8 1140 37 39411
2004 28 7271 153 176684
2005 59 7964 277 346197
2006 0 0 0 0
2007 1 40 1 161
2008 3 573 3 120
2009 0 0 0 0
2010 14 2675 20 7728
2011 29 5472 44 22249
2012 0 0 0 0
2013 47 9029 79 46362
2014 31 6006 49 32680
2015 59 7759 417 523992
2016 81 17028 207 182980
2017 57 8946 379 476353
2018 67 21706 144 134361
2019 0 0 0 0
2020 5 263 5 263
2021 0 0 0 0
2022 0 0 0 0
2023 1 68 2 104
2024 0 0 0 0
2025 0 0 0 0
2026 0 0 0 0
2027 0 0 0 0
2028 1 40 1 161
2029 5 732 5 239
2030 0 0 0 0
2031 0 0 0 0
2032 0 0 0 0
2033 4 223 4 160
2034 0 0 0 0
2035 0 0 0 0
2036 0 0 0 0
2037 0 0 0 0
2038 0 0 0 0
2039 0 0 0 0
2040 0 0 0 0
2041 0 0 0 0
2042 0 0 0 0
2043 0 0 0 0
2044 0 0 0 0
2045 0 0 0 0
2046 0 0 0 0
2047 0 0 0 0
2048 0 0 0 0
2049 4 650 4 281
2050 0 0 0 0
2051 1 68 2 104
2052 26 7060 35 16961
2053 10 1597 17 4823
2054 24 5589 44 25728
2055 0 0 0 0
2056 0 0 0 0
2057 17 2689 19 7765
2058 44 8379 71 56844
2059 22 4966 102 121311
2060 92 15363 436 549367
2061 45 11218 139 155526
2062 47 9180 290 373074
2063 0 0 0 0
2064 0 0 0 0
2065 0 0 0 0
2066 6 1538 9 2453
2067 19 4455 39 27883
2068 67 13288 250 298367
2069 44 6742 229 276517
2070 53 11824 245 298384
2071 54 9526 253 310114
2072 0 0 0 0
2073 0 0 0 0
2074 0 0 0 0
2075 0 0 0 0
2076 0 0 0 0
2077 0 0 0 0
2078 0 0 0 0
2079 0 0 0 0
2080 1 68 2 104
2081 0 0 0 0
2082 0 0 0 0
2083 1 68 2 104
2084 0 0 0 0
2085 14 2136 15 2221
2086 4 613 4 282
2087 2 119 2 119
2088 0 0 0 0
2089 0 0 0 0
2090 0 0 0 0
2091 0 0 0 0
2092 0 0 0 0
2093 0 0 0 0
2094 10 722 9 782
2095 0 0 0 0
2096 0 0 0 0
2097 0 0 0 0
2098 0 0 0 0
2099 0 0 0 0
2100 4 653 4 281
2101 0 0 0 0
2102 0 0 0 0
2103 0 0 0 0
2104 0 0 0 0
2105 0 0 0 0
2106 0 0 0 0
2107 0 0 0 0
2108 0 0 0 0
2109 0 0 0 0
2110 0 0 0 0
2111 0 0 0 0
2112 0 0 0 0
2113 1 68 2 104
2114 33 7653 45 19542
2115 25 5201 36 7001
2116 34 4613 112 138014
2117 98 16686 423 518441
2118 134 28930 491 588950
2119 1 66 5 3192
2120 0 0 0 0
2121 1 68 2 104
2122 13 3446 14 5786
2123 4 337 5 31815
2124 0 0 0 0
2125 0 0 0 0
2126 130 15263 133 504107
2127 21 2991 22 17965
2128 76 5740 83 513417
2129 21 4626 22 2406
2130 0 0 1 1435
2131 1 40 0 0
2132 0 0 0 0
2133 0 0 0 0
2134 0 0 0 0
2135 0 0 0 0
2136 12 3268 13 724
2137 16 2100 17 37603
2138 0 0 0 0
2139 11 2054 11 4246
2140 14 741 14 40771
2141 32 3429 36 366005
2142 3 120 3 1025
2143 4 304 5 6145
2144 0 0 0 0
2145 1 188 1 40
2146 7 775 7 29939
2147 32 2448 37 103196
2148 26 1146 30 405931
2149 2 389 2 155
2150 10 3247 10 435
2151 3 431 3 195
2152 15 737 15 37557
2153 43 4022 48 93214
2154 17 2042 17 46260
2155 53 4567 52 371555
2156 12 3199 12 8102
2157 5 200 5 54957
2158 170 16280 174 468207
2159 43 5208 47 146553
2160 0 0 0 0
2161 72 27586 92 333005
2162 2 80 2 1801
2163 0 0 0 0
2164 17 2883 15 1548
2165 16 2647 19 15088
2166 0 0 0 0
2167 0 0 0 0
2168 1 40 0 0
2169 2 80 1 40
2170 1 40 1 40
2171 3 120 0 0
2172 3 120 3 120
2173 1 68 2 104
2174 0 0 0 0
2175 0 0 0 0
2176 0 0 0 0
2177 0 0 0 0
2178 157 19563 176 165224
2179 1 40 1 40
2180 14 560 16 63549
2181 0 0 0 0
2182 3 120 3 120
2183 2 80 2 80
2184 61 5793 68 184415
2185 12 1176 12 718
2186 3 249 3 120
2187 2 119 2 119
2188 1 40 0 0
2189 2 80 2 80
2190 0 0 0 0
2191 1 68 2 104
2192 3 120 3 120
2193 0 0 0 0
2194 0 0 0 0
2195 0 0 0 0
2196 0 0 0 0
2197 0 0 0 0
2198 0 0 0 0
2199 6 693 6 361
2200 12 2512 12 5371
2201 1 40 1 1449
2202 4 195 5 231
2203 1 68 2 104
2204 0 0 0 0
2205 0 0 0 0
2206 0 0 0 0
2207 0 0 0 0
2208 0 0 0 0
2209 2 80 2 80
2210 2 119 2 119
2211 2 119 2 119
2212 4 160 4 206
2213 2 119 2 119
2214 0 0 0 0
2215 2 119 2 119
2216 0 0 0 0
2217 3 159 3 205
2218 3 187 4 223
2219 2 80 2 80
2220 8 1031 7 525
2221 17 4065 19 1605
2222 3 120 3 120
2223 4 238 4 238
2224 0 0 0 0
2225 0 0 0 0
2226 0 0 0 0
2227 0 0 0 0
2228 0 0 0 0
2229 2 80 2 80
2230 0 0 0 0
2231 0 0 0 0
2232 3 120 3 120
2233 1 68 2 104
2234 0 0 0 0
2235 0 0 0 0
2236 2 119 2 119
2237 0 0 0 0
2238 2 119 2 119
2239 1 40 1 40
2240 1 40 1 40
2241 1 68 2 104
2242 3 120 3 120
2243 6 357 6 357
2244 0 0 0 0
2245 2 119 2 119
2246 0 0 0 0
2247 0 0 0 0
2248 19 5722 20 2372
2249 2 119 3 204
2250 1 40 1 40
2251 0 0 0 0
2252 1 40 1 40
2253 2 80 2 80
2254 0 0 0 0
2255 0 0 0 0
2256 0 0 0 0
2257 0 0 0 0
2258 4 653 4 422
2259 3 159 3 159
2260 1 40 1 40
2261 1 76 1 76
2262 1 40 1 40
2263 3 148 4 184
2264 8 854 8 538
2265 4 685 6 264
2266 0 0 0 0
2267 0 0 0 0
2268 0 0 0 0
2269 3 159 3 159
2270 3 159 3 159
2271 0 0 0 0
2272 3 159 3 159
2273 2 80 2 80
2274 8 383 7 319
2275 0 0 0 0
2276 0 0 0 0
2277 0 0 0 0
2278 0 0 0 0
2279 9 801 11 881
2280 0 0 0 0
2281 16 875 16 875
2282 4 238 4 238
2283 0 0 0 0
2284 0 0 0 0
2285 0 0 0 0
2286 0 0 0 0
2287 0 0 0 0
2288 0 0 0 0
2289 0 0 0 0
2290 0 0 0 0
2291 1 40 1 40
2292 0 0 0 0
2293 1 68 2 104
2294 2 80 2 80
2295 2 119 2 119
2296 5 277 5 277
2297 10 565 10 487
2298 4 223 4 184
2299 4 223 4 184
2300 0 0 0 0
2301 0 0 0 0
2302 0 0 0 0
2303 0 0 0 0
2304 4 374 4 374
2305 0 0 0 0
2306 0 0 0 0
2307 2 119 2 119
2308 1 68 2 104
2309 0 0 0 0
2310 0 0 0 0
2311 0 0 0 0
2312 0 0 0 0
2313 0 0 0 0
2314 0 0 0 0
2315 0 0 0 0
2316 0 0 0 0
2317 4 245 4 245
2318 0 0 0 0
2319 0 0 0 0
2320 0 0 0 0
2321 0 0 0 0
2322 0 0 0 0
2323 5 291 6 288
2324 4 223 4 184
2325 0 0 0 0
2326 4 223 4 184
2327 4 223 4 184
2328 0 0 0 0
2329 4 223 4 160
2330 4 223 4 184
2331 0 0 0 0
2332 4 223 4 184
2333 0 0 0 0
2334 0 0 0 0
2335 8 446 9 432
2336 3 148 2 201
2337 3 573 3 120
2338 0 0 0 0
2339 0 0 0 0
2340 0 0 0 0
2341 0 0 0 0
2342 0 0 0 0
2343 0 0 0 0
2344 0 0 0 0
2345 0 0 0 0
2346 0 0 0 0
2347 0 0 0 0
2348 4 650 4 281
2349 4 223 4 160
2350 4 223 4 160
2351 0 0 0 0
2352 0 0 0 0
2353 2 108 3 265
2354 3 613 3 120
2355 0 0 0 0
2356 0 0 0 0
2357 0 0 0 0
2358 0 0 0 0
2359 0 0 0 0
2360 2 108 2 104
2361 0 0 0 0
2362 0 0 0 0
2363 0 0 0 0
2364 0 0 0 0
2365 0 0 0 0
2366 2 119 2 119
2367 0 0 0 0
2368 0 0 0 0
2369 0 0 0 0
2370 0 0 0 0
2371 4 223 4 160
2372 0 0 0 0
2373 0 0 0 0
2374 0 0 0 0
2375 0 0 0 0
2376 0 0 0 0
2377 0 0 0 0
2378 0 0 0 0
2379 0 0 0 0
2380 0 0 0 0
2381 0 0 0 0
2382 0 0 0 0
2383 1 68 2 104
2384 0 0 0 0
2385 0 0 0 0
2386 0 0 0 0
2387 0 0 0 0
2388 0 0 0 0
2389 0 0 0 0
2390 0 0 0 0
2391 0 0 0 0
2392 1 68 2 104
2393 0 0 0 0
2394 10 722 9 782
2395 0 0 0 0
2396 0 0 0 0
2397 0 0 0 0
2398 0 0 0 0
2399 0 0 0 0
2400 1 40 1 160
2401 3 613 3 120
2402 0 0 0 0
2403 0 0 0 0
2404 0 0 0 0
2405 3 120 3 483
2406 3 573 3 120
2407 0 0 0 0
2408 0 0 0 0
2409 0 0 0 0
2410 0 0 0 0
2411 0 0 0 0
2412 0 0 0 0
2413 1 68 2 104
2414 0 0 0 0
2415 0 0 0 0
2416 0 0 0 0
2417 0 0 0 0
2418 0 0 0 0
2419 4 223 4 160
2420 0 0 0 0
2421 1 68 2 104
2422 4 650 4 281
2423 0 0 0 0
2424 0 0 0 0
2425 0 0 0 0
2426 0 0 0 0
2427 0 0 0 0
2428 0 0 0 0
2429 0 0 0 0
2430 0 0 0 0
2431 0 0 0 0
2432 0 0 0 0
2433 0 0 0 0
2434 0 0 0 0
2435 0 0 0 0
2436 0 0 0 0
2437 0 0 0 0
2438 0 0 0 0
2439 0 0 0 0
2440 0 0 0 0
2441 0 0 0 0
2442 0 0 0 0
2443 1 68 2 104
2444 0 0 0 0
2445 0 0 0 0
2446 0 0 0 0
2447 0 0 0 0
2448 0 0 0 0
2449 6 498 6 240
2450 0 0 0 0
2451 0 0 0 0
2452 0 0 0 0
2453 0 0 0 0
2454 1 68 2 104
2455 0 0 0 0
2456 0 0 0 0
2457 0 0 0 0
2458 1 40 1 161
2459 81 10798 76 159585
2460 14 1007 16 94083
2461 0 0 0 0
2462 4 1061 5 4544
2463 23 920 24 56621
2464 6 312 9 432
2465 7 845 8 23512
2466 35 2756 34 134011
2467 49 1960 49 224533
2468 66 6064 64 222340
2469 21 840 21 106466
2470 0 0 0 0
2471 0 0 0 0
2472 0 0 0 0
2473 9 484 14 680
2474 0 0 0 0
2475 0 0 0 0
2476 0 0 0 0
2477 1 40 1 161
2478 3 613 3 120
2479 3 249 3 120
2480 0 0 0 0
2481 4 317 5 224
2482 0 0 0 0
2483 0 0 0 0
2484 0 0 0 0
2485 0 0 0 0
2486 0 0 0 0
2487 0 0 0 0
2488 4 650 4 281
2489 0 0 0 0
2490 0 0 0 0
2491 0 0 0 0
2492 0 0 0 0
2493 0 0 0 0
2494 0 0 0 0
2495 0 0 0 0
2496 0 0 0 0
2497 0 0 0 0
2498 0 0 0 0
2499 0 0 0 0
2500 0 0 0 0
2501 13 2601 14 1183
2502 1 75 2 111
2503 1 68 2 104
2504 36 1976 41 209206
2505 97 9030 110 509339
2506 4 223 7 985
2507 14 2943 14 3830
2508 0 0 0 0
2509 3 120 3 40278
2510 57 6729 64 368758
2511 2 80 3 2361
2512 0 0 0 0
2513 0 0 0 0
2514 0 0 0 0
2515 0 0 0 0
2516 0 0 0 0
2517 2 1166 3 229
2518 1 40 0 0
2519 0 0 0 0
2520 0 0 0 0
2521 0 0 0 0
2522 7 716 7 716
2523 13 2194 13 6380
2524 0 0 0 0
2525 0 0 0 0
2526 1 377 1 40
2527 0 0 0 0
2528 42 2353 45 204240
2529 14 876 15 57713
2530 7 1097 7 40519
2531 12 480 12 164277
2532 78 4084 78 920535
2533 143 13694 153 585271
2534 28 6253 32 7599
2535 21 6924 20 8327
2536 2 2770 0 0
2537 42 4476 42 406581
2538 8 2326 9 1693
2539 3 2810 1 642
2540 3 1426 3 207
2541 0 0 0 0
2542 0 0 0 0
2543 0 0 0 0
2544 4 4013 2 80
2545 20 2910 19 6200
2546 2 80 3 1063
2547 0 0 0 0
2548 0 0 0 0
2549 0 0 0 0
2550 0 0 0 0
2551 1 40 1 160
2552 3 613 3 120
2553 0 0 0 0
2554 2 2770 0 0
2555 0 0 0 0
2556 0 0 0 0
2557 0 0 0 0
2558 0 0 0 0
2559 0 0 0 0
2560 0 0 0 0
2561 0 0 0 0
2562 0 0 0 0
2563 1 68 2 104
2564 0 0 0 0
2565 0 0 0 0
2566 0 0 0 0
2567 13 2592 13 5442
2568 25 2576 26 56456
2569 44 6100 47 6653
2570 215 17964 249 1501590
2571 76 3160 84 2276989
2572 8 320 9 209047
2573 3 610 3 120
2574 0 0 0 0
2575 10 816 10 17746
2576 126 7162 152 1643575
2577 43 2236 46 851748
2578 0 0 0 0
2579 0 0 0 0
2580 0 0 0 0
2581 0 0 0 0
2582 0 0 0 0
2583 0 0 0 0
2584 0 0 0 0
2585 0 0 0 0
2586 0 0 0 0
2587 0 0 0 0
2588 0 0 0 0
2589 0 0 0 0
2590 4 653 4 281
2591 4 238 4 238
2592 4 238 4 238
2593 3 187 4 223
2594 1 68 2 104
2595 2 119 2 119
2596 0 0 0 0
2597 2 119 2 119
2598 0 0 0 0
2599 0 0 0 0
2600 1 40 1 161
2601 0 0 0 0
2602 3 573 3 120
2603 2 119 2 119
2604 4 374 4 374
2605 0 0 0 0
2606 0 0 0 0
2607 0 0 0 0
2608 0 0 0 0
2609 0 0 0 0
2610 0 0 0 0
2611 0 0 0 0
2612 0 0 0 0
2613 0 0 0 0
2614 0 0 0 0
2615 0 0 0 0
2616 0 0 0 0
2617 0 0 0 0
2618 0 0 0 0
2619 0 0 0 0
2620 0 0 0 0
2621 0 0 0 0
2622 0 0 0 0
2623 1 68 2 104
2624 0 0 0 0
2625 0 0 0 0
2626 0 0 0 0
2627 0 0 0 0
2628 0 0 0 0
2629 1 68 2 104
2630 0 0 0 0
2631 4 650 4 281
2632 0 0 0 0
2633 0 0 0 0
2634 2 119 2 119
2635 1 40 1 79
2636 2 119 2 119
2637 0 0 0 0
2638 0 0 0 0
2639 0 0 0 0
2640 0 0 0 0
2641 0 0 0 0
2642 0 0 0 0
2643 0 0 0 0
2644 0 0 0 0
2645 0 0 0 0
2646 0 0 0 0
2647 0 0 0 0
2648 0 0 0 0
2649 4 238 4 238
2650 4 238 4 238
2651 2 119 2 119
2652 0 0 0 0
2653 1 68 2 104
2654 2 119 2 119
2655 3 187 4 223
2656 0 0 0 0
2657 0 0 0 0
2658 0 0 0 0
2659 0 0 0 0
2660 0 0 0 0
2661 0 0 0 0
2662 0 0 0 0
2663 17 1706 14 1484
2664 83 7610 76 6468
2665 5 598 4 374
2666 42 4469 42 4304
2667 1 224 0 0
2668 0 0 0 0
2669 0 0 0 0
2670 0 0 0 0
2671 25 1650 25 1604
2672 1 40 1 86
2673 0 0 0 0
2674 0 0 0 0
2675 0 0 0 0
2676 2 80 0 0
2677 31 1953 31 1858
2678 5 693 5 367
2679 0 0 0 0
2680 0 0 0 0
2681 1 70 1 40
2682 2 104 3 168
2683 21 1265 21 1215
2684 7 400 7 11814
2685 13 1663 13 3657
2686 0 0 0 0
2687 2 80 2 80
2688 0 0 0 0
2689 16 952 16 952
2690 3 205 3 159
2691 1 40 1 86
2692 0 0 0 0
2693 4 374 4 374
2694 0 0 0 0
2695 16 952 16 952
2696 3 205 3 159
2697 3 120 3 166
2698 22 2193 21 35868
2699 0 0 0 0
2700 0 0 0 0
2701 16 1473 16 2126
2702 9 842 9 842
2703 19 3490 19 6668
2704 37 1683 37 239436
2705 0 0 0 0
2706 0 0 0 0
2707 47 5335 46 44170
2708 27 2597 30 79178
2709 13 1180 13 42481
2710 6 260 5 40435
2711 67 8719 78 373199
2712 3 198 3 159
2713 3 194 4 223
2714 2 119 2 126
2715 1 40 1 79
2716 1 79 1 40
2717 4 574 4 199
2718 3 198 3 159
2719 6 502 6 1664
2720 5 1503 5 347
2721 116 6559 121 788304
2722 34 4811 37 229377
2723 36 4942 36 195947
2724 2 119 2 119
2725 17 1645 17 42967
2726 182 16561 187 1139258
2727 70 2835 119 2273719
2728 41 1900 45 1227484
2729 18 759 22 505524
2730 2 119 2 119
2731 0 0 0 0
2732 7 1527 7 466
2733 64 3133 85 1556034
2734 15 600 15 905169
2735 0 0 0 0
2736 2 119 2 119
2737 2 80 2 80
2738 6 364 6 364
2739 2 119 2 119
2740 0 0 0 0
2741 2 119 2 119
2742 0 0 0 0
2743 7 432 8 468
2744 2 119 2 119
2745 0 0 0 0
2746 4 650 4 281
2747 4 199 4 199
2748 9 762 8 702
2749 111 5634 123 2307903
2750 2 119 2 119
2751 1 86 1 40
2752 2 401 2 126
2753 3 159 3 7824
2754 4 653 4 281
2755 100 4154 100 1019281
2756 212 8672 235 2595501
2757 2 80 2 80
2758 0 0 0 0
2759 1 86 1 40
2760 1 40 1 86
2761 6 357 6 357
2762 5 343 4 283
2763 12 2605 13 1696
2764 0 0 0 0
2765 19 1008 19 112109
2766 10 970 10 49634
2767 49 4506 52 408240
2768 6 618 7 1802
2769 2 119 2 119
2770 0 0 0 0
2771 3 205 3 159
2772 1 40 1 86
2773 4 302 6 339
2774 1 40 0 0
2775 9 399 8 632
2776 109 4472 122 1148048
2777 5 653 5 200
2778 3 1326 3 207
2779 1 392 1 40
2780 2 119 2 119
2781 10 524 10 69561
2782 209 11731 220 1169654
2783 134 6064 164 635869
2784 52 10851 49 372081
2785 5 540 5 1572
2786 22 1122 23 67783
2787 116 6285 127 799216
2788 9 2665 9 1026
2789 6 454 6 1076
2790 0 0 0 0
2791 0 0 0 0
2792 2 119 2 119
2793 5 313 6 349
2794 7 1722 7 445
2795 0 0 0 0
2796 0 0 0 0
2797 2 1287 2 80
2798 15 2818 15 1763
2799 12 2766 14 1264
2800 2 119 2 119
2801 0 0 0 0
2802 0 0 0 0
2803 5 302 6 334
2804 2 119 2 119
2805 4 245 4 245
2806 2 119 2 119
2807 0 0 0 0
2808 2 119 2 119
2809 0 0 0 0
2810 2 119 2 119
2811 6 364 6 364
2812 4 238 4 238
2813 0 0 0 0
2814 0 0 0 0
2815 0 0 0 0
2816 2 119 2 119
2817 6 364 6 364
2818 2 119 2 119
2819 4 653 4 282
2820 0 0 0 0
2821 2 119 2 119
2822 2 119 2 119
2823 4 238 4 238
2824 4 245 4 245
2825 0 0 0 0
2826 2 119 2 119
2827 0 0 0 0
2828 4 238 4 238
2829 4 238 4 238
2830 4 245 4 245
2831 0 0 0 0
2832 0 0 0 0
2833 1 68 2 104
2834 2 119 2 119
2835 9 956 10 622
2836 2 119 2 119
2837 7 380 7 15281
2838 132 9150 140 1357517
2839 18 798 19 287385
2840 8 851 8 519
2841 2 119 2 119
2842 0 0 0 0
2843 0 0 0 0
2844 0 0 0 0
2845 0 0 0 0
2846 12 721 12 721
2847 4 238 4 238
2848 0 0 0 0
2849 0 0 0 0
2850 0 0 0 0
2851 0 0 0 0
2852 8 483 8 483
2853 5 302 6 342
2854 0 0 0 0
2855 0 0 0 0
2856 0 0 0 0
2857 0 0 0 0
2858 10 602 10 602
2859 0 0 0 0
2860 0 0 0 0
2861 0 0 0 0
2862 1 68 2 104
2863 1 68 2 104
2864 8 483 8 483
2865 0 0 0 0
2866 2 119 2 119
2867 0 0 0 0
2868 0 0 0 0
2869 0 0 0 0
2870 8 483 8 483
2871 2 119 2 119
2872 0 0 0 0
2873 0 0 0 0
2874 0 0 0 0
2875 0 0 0 0
2876 8 483 8 483
2877 0 0 0 0
2878 0 0 0 0
2879 0 0 0 0
2880 0 0 0 0
2881 6 769 6 400
2882 10 580 10 541
2883 0 0 0 0
2884 0 0 0 0
2885 0 0 0 0
2886 0 0 0 0
2887 2 126 2 126
2888 6 357 6 357
2889 0 0 0 0
2890 0 0 0 0
2891 4 261 5 14235
2892 0 0 0 0
2893 207 17299 235 1329038
2894 10 580 10 517
2895 0 0 0 0
2896 0 0 0 0
2897 4 223 4 160
2898 0 0 0 0
2899 2 126 2 126
2900 4 238 4 238
2901 1 68 2 104
2902 0 0 0 0
2903 0 0 0 0
2904 0 0 0 0
2905 11 1057 11 905
2906 9 930 9 477
2907 0 0 0 0
2908 0 0 0 0
2909 0 0 0 0
2910 0 0 0 0
2911 2 126 2 126
2912 4 238 4 238
2913 0 0 0 0
2914 0 0 0 0
2915 0 0 0 0
2916 0 0 0 0
2917 8 619 8 619
2918 4 238 4 238
2919 0 0 0 0
2920 4 223 4 160
2921 4 650 4 281
2922 0 0 0 0
2923 1 68 2 104
2924 8 461 8 422
2925 0 0 0 0
2926 0 0 0 0
2927 2 126 2 126
2928 0 0 0 0
2929 0 0 0 0
2930 4 238 4 238
2931 0 0 0 0
2932 0 0 0 0
2933 2 126 2 126
2934 4 223 4 160
2935 0 0 0 0
2936 4 238 4 238
2937 0 0 0 0
2938 1 68 2 104
2939 2 126 2 126
2940 0 0 0 0
2941 0 0 0 0
2942 4 238 4 238
2943 0 0 0 0
2944 0 0 0 0
2945 3 166 3 287
2946 3 613 3 120
2947 0 0 0 0
2948 4 238 4 238
2949 0 0 0 0
2950 0 0 0 0
2951 4 245 4 245
2952 0 0 0 0
2953 5 291 6 288
2954 2 119 2 119
2955 0 0 0 0
2956 0 0 0 0
2957 2 126 2 126
2958 12 1096 12 649
2959 4 223 4 184
2960 2 119 2 119
2961 0 0 0 0
2962 0 0 0 0
2963 12 848 11 908
2964 0 0 0 0
2965 0 0 0 0
2966 2 119 2 119
2967 0 0 0 0
2968 4 223 4 184
2969 2 126 2 126
2970 4 223 4 160
2971 0 0 0 0
2972 0 0 0 0
2973 0 0 0 0
2974 0 0 0 0
2975 2 126 2 126
2976 0 0 0 0
2977 0 0 0 0
2978 0 0 0 0
2979 0 0 0 0
2980 4 613 4 281
2981 0 0 0 0
2982 1 68 2 104
2983 0 0 0 0
2984 0 0 0 0
2985 0 0 0 0
2986 0 0 0 0
2987 0 0 0 0
2988 1 114 1 114
2989 0 0 0 0
2990 0 0 6 384
2991 20 2258 16 1588
2992 52 5247 48 4706
2993 52 5436 51 4909
2994 11 1866 10 641
2995 11 3287 12 940
2996 15 3900 15 2366
2997 4 374 4 374
2998 2 119 2 119
2999 0 0 0 0
3000 0 0 0 0
3001 0 0 0 0
3002 0 0 0 0
3003 2 80 0 0
3004 4 199 4 199
3005 4 374 4 374
3006 0 0 0 0
3007 0 0 0 0
3008 10 1527 9 4610
3009 380 15459 454 4461180
3010 30 1200 36 268092
3011 0 0 0 0
3012 0 0 0 0
3013 13 2502 14 4529
3014 2 80 2 80
3015 20 2908 22 2564
3016 84 3752 99 746232
3017 57 2280 66 574140
3018 7 280 9 90459
3019 12 480 15 214135
3020 12 1882 12 1214
3021 3 120 8 73496
3022 0 0 0 0
3023 38 4588 38 24757
3024 39 3057 42 97426
3025 50 2557 55 408425
3026 23 5284 22 4266
3027 0 0 0 0
3028 0 0 0 0
3029 5 553 6 4558
3030 0 0 0 0
3031 0 0 0 0
3032 2 394 2 3449
3033 0 0 0 0
3034 5 1400 5 287
3035 2 119 2 119
3036 0 0 0 0
3037 0 0 0 0
3038 286 11552 306 3001316
3039 0 0 0 0
3040 3 556 3 2967
3041 3 159 3 2288
3042 0 0 0 0
3043 1 68 2 104
3044 2 80 2 80
3045 4 1130 5 248
3046 7 663 7 22634
3047 3 680 3 873
3048 40 1706 40 406366
3049 8 2525 8 2242
3050 0 0 0 0
3051 0 0 0 0
3052 2 119 2 119
3053 5 749 5 414
3054 6 340 6 17831
3055 0 0 0 0
3056 24 2169 28 66366
3057 24 960 24 168538
3058 16 640 16 278704
3059 39 1969 39 759416
3060 6 499 6 9002
3061 83 7560 84 420523
3062 13 2569 13 14916
3063 0 0 0 0
3064 2 80 2 80
3065 151 13971 157 930561
3066 36 1606 38 210191
3067 16 2260 18 14835
3068 0 0 0 0
3069 4 613 4 281
3070 1 40 1 162
3071 6 1902 6 327
3072 0 0 0 0
3073 3 187 4 223
3074 2 80 2 80
3075 0 0 0 0
3076 0 0 0 0
3077 0 0 0 0
3078 1 40 1 161
3079 5 729 5 239
3080 0 0 0 0
3081 0 0 0 0
3082 0 0 0 0
3083 0 0 0 0
3084 0 0 0 0
3085 4 199 4 199
3086 0 0 0 0
3087 0 0 0 0
3088 0 0 0 0
3089 2 108 2 104
3090 0 0 0 0
3091 0 0 0 0
3092 0 0 0 0
3093 2 119 2 119
3094 0 0 0 0
3095 2 80 2 80
3096 0 0 0 0
3097 0 0 0 0
3098 0 0 0 0
3099 2 119 2 119
3100 0 0 0 0
3101 0 0 0 0
3102 0 0 0 0
3103 3 183 4 215
3104 0 0 0 0
3105 4 199 4 199
3106 0 0 0 0
3107 0 0 0 0
3108 2 80 2 80
3109 2 80 2 80
3110 0 0 0 0
3111 2 119 2 119
3112 0 0 0 0
3113 0 0 0 0
3114 1 68 2 104
3115 0 0 0 0
3116 0 0 0 0
3117 6 493 6 493
3118 0 0 0 0
3119 0 0 0 0
3120 2 119 2 119
3121 2 119 2 119
3122 0 0 0 0
3123 2 119 2 119
3124 6 357 6 357
3125 2 119 2 119
3126 1 79 2 119
3127 0 0 3 237
3128 5 200 1 79
3129 3 159 3 280
3130 5 732 5 239
3131 0 0 0 0
3132 0 0 0 0
3133 1 68 2 104
3134 2 1461 2 80
3135 6 279 6 17401
3136 0 0 0 0
3137 0 0 0 0
3138 0 0 0 0
3139 0 0 0 0
3140 0 0 0 0
3141 2 119 2 119
3142 0 0 0 0
3143 0 0 0 0
3144 0 0 0 0
3145 0 0 0 0
3146 0 0 0 0
3147 2 119 2 119
3148 0 0 0 0
3149 0 0 0 0
3150 0 0 0 0
3151 1 68 2 104
3152 0 0 0 0
3153 3 159 3 281
3154 3 573 3 120
3155 0 0 0 0
3156 0 0 0 0
3157 0 0 0 0
3158 0 0 0 0
3159 2 119 2 119
3160 0 0 0 0
3161 1 40 1 161
3162 0 0 0 0
3163 1 68 2 104
3164 3 610 3 120
3165 2 119 2 119
3166 0 0 0 0
3167 0 0 0 0
3168 0 0 0 0
3169 0 0 0 0
3170 0 0 0 0
3171 2 119 2 119
3172 0 0 0 0
3173 0 0 0 0
3174 1 68 2 104
3175 0 0 0 0
3176 0 0 0 0
3177 2 119 2 119
3178 0 0 0 0
3179 2 119 2 119
3180 2 119 2 119
3181 0 0 0 0
3182 0 0 0 0
3183 8 476 8 476
3184 2 119 2 119
3185 0 0 0 0
3186 0 0 0 0
3187 2 119 2 119
3188 0 0 0 0
3189 2 119 2 119
3190 0 0 0 0
3191 0 0 0 0
3192 0 0 0 0
3193 3 187 4 223
3194 0 0 0 0
3195 2 119 2 119
3196 0 0 0 0
3197 0 0 0 0
3198 0 0 0 0
3199 10 2184 10 17537
3200 1 40 1 471
3201 2 119 2 119
3202 0 0 0 0
3203 0 0 0 0
3204 0 0 0 0
3205 0 0 0 0
3206 0 0 0 0
3207 3 159 3 280
3208 3 610 3 120
3209 1 68 2 104
3210 0 0 0 0
3211 0 0 0 0
3212 0 0 0 0
3213 3 236 3 159
3214 60 2400 61 572023
3215 1 40 1 161
3216 3 613 3 120
3217 1 354 1 40
3218 1 40 1 3051
3219 2 119 2 119
3220 0 0 0 0
3221 0 0 0 0
3222 0 0 0 0
3223 1 68 2 104
3224 0 0 0 0
3225 2 119 2 119
3226 4 223 4 184
3227 0 0 0 0
3228 0 0 0 0
3229 0 0 0 0
3230 0 0 0 0
3231 2 80 2 322
3232 0 0 0 0
3233 10 840 10 3169
3234 3 573 3 120
3235 0 0 0 0
3236 316 12932 344 3686565
3237 278 11183 338 3100132
3238 4 223 4 184
3239 0 0 0 0
3240 0 0 0 0
3241 10 477 12 63565
3242 0 0 0 0
3243 0 0 0 0
3244 0 0 0 0
3245 4 374 4 374
3246 1 1055 1 40
3247 2 80 2 2498
3248 0 0 0 0
3249 0 0 0 0
3250 0 0 0 0
3251 0 0 0 0
3252 0 0 0 0
3253 1 68 2 104
3254 0 0 0 0
3255 0 0 0 0
3256 0 0 0 0
3257 0 0 0 0
3258 2 119 2 119
3259 2 119 2 119
3260 0 0 0 0
3261 0 0 0 0
3262 1 40 1 161
3263 3 613 3 120
3264 15 677 18 124461
3265 0 0 0 0
3266 0 0 0 0
3267 0 0 0 0
3268 0 0 0 0
3269 5 635 5 6372
3270 29 1689 33 256927
3271 0 0 0 0
3272 0 0 0 0
3273 0 0 0 0
3274 0 0 0 0
3275 0 0 0 0
3276 1 68 2 104
3277 1 116 1 40
3278 198 8031 235 2716531
3279 0 0 0 0
3280 0 0 0 0
3281 0 0 0 0
3282 0 0 0 0
3283 1 68 2 104
3284 0 0 0 0
3285 0 0 0 0
3286 0 0 0 0
3287 0 0 0 0
3288 5 1082 5 321
3289 1 40 1 1464
3290 0 0 0 0
3291 10 722 9 782
3292 0 0 0 0
3293 0 0 0 0
3294 0 0 0 0
3295 0 0 0 0
3296 2 510 2 1195
3297 0 0 0 0
3298 0 0 0 0
3299 2 553 2 80
3300 3 144 4 25154
3301 0 0 0 0
3302 5 512 5 512
3303 35 4240 38 69390
3304 8 1110 8 11136
3305 4 613 4 281
3306 0 0 0 0
3307 4 653 4 281
3308 41 1746 41 406515
3309 6 2836 6 1592
3310 0 0 0 0
3311 0 0 0 0
3312 0 0 0 0
3313 13 2723 14 1621
3314 25 6416 28 3867
3315 0 0 0 0
3316 0 0 0 0
3317 0 0 0 0
3318 0 0 0 0
3319 16 2468 15 6614
3320 0 0 0 0
3321 6 958 7 1023
3322 0 0 0 0
3323 89 4797 114 742428
3324 100 11315 103 321311
3325 8 942 8 9203
3326 14 2921 18 42876
3327 0 0 0 0
3328 26 1146 26 365605
3329 7 2041 8 2274
3330 0 0 0 0
3331 1 958 1 40
3332 59 3284 63 794327
3333 32 6698 49 36434
3334 1 40 12 40695
3335 0 0 0 0
3336 0 0 0 0
3337 76 13090 122 449799
3338 7 896 11 1604
3339 11 3262 12 2009
3340 0 0 0 0
3341 0 0 0 0
3342 0 0 0 0
3343 12 2911 16 945
3344 1 40 1 127
3345 1 475 1 40
3346 0 0 0 0
3347 65 6492 68 154494
3348 14 4837 12 1007
3349 5 927 5 1080
3350 45 2480 48 407231
3351 8 2894 8 1432
3352 0 0 0 0
3353 0 0 0 0
3354 0 0 0 0
3355 0 0 0 0
3356 0 0 0 0
3357 0 0 0 0
3358 3 1400 3 207
3359 0 0 0 0
3360 0 0 0 0
3361 0 0 0 0
3362 2 119 2 119
3363 0 0 0 0
3364 0 0 0 0
3365 0 0 0 0
3366 0 0 0 0
3367 0 0 0 0
3368 1 40 1 161
3369 0 0 0 0
3370 0 0 0 0
3371 3 613 3 120
3372 2 119 2 119
3373 1 68 2 104
3374 0 0 0 0
3375 1 73 1 73
3376 0 0 0 0
3377 0 0 0 0
3378 0 0 0 0
3379 0 0 0 0
3380 1 89 7 1055
3381 0 0 0 0
3382 91 8938 83 7330
3383 19 3008 19 25930
3384 61 9075 78 78319
3385 41 2251 48 367690
3386 0 0 0 0
3387 3 388 2 125
3388 0 0 0 0
3389 8 618 8 618
3390 54 10681 93 68253
3391 3 148 3 168
3392 8 1610 8 785
3393 0 0 0 0
3394 0 0 0 0
3395 2 80 0 0
3396 24 1532 24 1532
3397 0 0 0 0
3398 0 0 0 0
3399 7 1647 7 445
3400 0 0 0 0
3401 2 117 2 113
3402 20 1182 20 1133
3403 4 223 4 215
3404 0 0 0 0
3405 6 357 6 357
3406 2 80 2 80
3407 0 0 0 0
3408 14 840 14 840
3409 0 0 0 0
3410 0 0 0 0
3411 0 0 0 0
3412 0 0 0 0
3413 0 0 0 0
3414 35 3456 40 3808
3415 0 0 0 0
3416 2 80 2 80
3417 2 1216 2 80
3418 2 104 3 168
3419 38 9962 43 46431
3420 23 1695 23 1778
3421 32 1386 34 406057
3422 0 0 0 0
3423 0 0 0 0
3424 10 2699 10 1572
3425 2 126 2 126
3426 12 675 12 675
3427 2 119 2 119
3428 0 0 0 0
3429 0 0 0 0
3430 7 1721 7 445
3431 2 126 2 126
3432 10 595 10 595
3433 2 119 2 119
3434 4 188 5 296
3435 11 1063 10 1003
3436 13 1849 14 6095
3437 10 595 10 595
3438 2 119 2 119
3439 0 0 0 0
3440 1 40 1 162
3441 5 732 5 239
3442 2 119 2 119
3443 10 595 10 595
3444 6 493 6 493
3445 0 0 0 0
3446 4 206 4 206
3447 2 119 2 119
3448 6 342 6 303
3449 8 476 8 476
3450 2 119 2 119
3451 0 0 0 0
3452 2 126 2 126
3453 0 0 0 0
3454 0 0 0 0
3455 0 0 0 0
3456 12 675 12 675
3457 4 238 4 238
3458 2 126 2 126
3459 0 0 0 0
3460 0 0 0 0
3461 0 0 0 0
3462 10 595 10 595
3463 6 346 6 342
3464 2 126 2 126
3465 1 40 1 162
3466 14 3000 15 3127
3467 0 0 0 0
3468 10 595 10 595
3469 10 1147 11 566
3470 5 200 5 21817
3471 5 970 8 5760
3472 8 401 24 65187
3473 41 3503 42 366688
3474 22 4666 42 35446
3475 32 6529 32 4564
3476 2 80 2 80
3477 103 4575 110 704379
3478 2 119 2 119
3479 16 4121 15 9649
3480 44 2533 46 407412
3481 6 357 6 357
3482 0 0 0 0
3483 9 2588 10 1489
3484 3 120 2 773
3485 0 0 0 0
3486 6 325 6 325
3487 1 40 1 245
3488 0 0 0 0
3489 12 1919 12 675
3490 4 613 4 247
3491 2 119 2 119
3492 0 0 0 0
3493 1 68 2 104
3494 9 944 8 884
3495 18 2205 19 6405
3496 3 120 3 166
3497 2 119 2 119
3498 0 0 0 0
3499 0 0 0 0
3500 0 0 0 0
3501 15 841 15 795
3502 1 40 1 86
3503 6 342 6 303
3504 0 0 0 0
3505 0 0 0 0
3506 0 0 0 0
3507 10 602 10 602
3508 6 493 6 493
3509 0 0 0 0
3510 0 0 0 0
3511 0 0 0 0
3512 1 40 1 161
3513 8 476 8 476
3514 0 0 0 0
3515 2 119 2 119
3516 3 613 3 120
3517 0 0 0 0
3518 10 602 10 602
3519 0 0 0 0
3520 0 0 0 0
3521 2 119 2 119
3522 0 0 0 0
3523 1 68 2 104
3524 10 602 10 602
3525 0 0 0 0
3526 0 0 0 0
3527 2 119 2 119
3528 0 0 0 0
3529 0 0 0 0
3530 10 602 10 602
3531 0 0 0 0
3532 0 0 0 0
3533 2 119 2 119
3534 0 0 0 0
3535 2 108 2 104
3536 12 721 12 721
3537 2 126 2 126
3538 4 238 4 238
3539 5 690 5 430
3540 3 573 3 120
3541 0 0 0 0
3542 9 477 9 594
3543 2 119 2 119
3544 4 245 4 245
3545 0 0 0 0
3546 0 0 0 0
3547 0 0 0 0
3548 0 0 0 0
3549 8 476 8 476
3550 1 79 5 356
3551 6 286 2 126
3552 0 0 0 0
3553 1 68 2 104
3554 4 223 4 184
3555 6 357 6 357
3556 4 245 4 245
3557 0 0 0 0
3558 0 0 0 0
3559 0 0 0 0
3560 6 357 6 357
3561 0 0 0 0
3562 4 245 4 245
3563 0 0 0 0
3564 0 0 0 0
3565 1 40 1 161
3566 3 613 3 120
3567 6 357 6 357
3568 2 119 2 119
3569 0 0 0 0
3570 2 126 2 126
3571 0 0 0 0
3572 0 0 0 0
3573 6 357 6 357
3574 2 119 2 119
3575 0 0 0 0
3576 2 126 2 126
3577 0 0 0 0
3578 0 0 0 0
3579 1 79 5 356
3580 10 478 6 381
3581 0 0 0 0
3582 1 68 1 40
3583 5 313 6 349
3584 0 0 0 0
3585 0 0 0 0
3586 0 0 0 0
3587 0 0 0 0
3588 10 602 10 602
3589 4 223 4 160
3590 4 237 4 160
3591 0 0 0 0
3592 0 0 0 0
3593 0 0 0 0
3594 10 602 10 602
3595 0 0 0 0
3596 1 40 1 161
3597 6 772 6 400
3598 3 573 3 120
3599 0 0 0 0
3600 8 476 8 476
3601 1 62 1 62
3602 13 2399 13 6632
3603 2 126 2 126
3604 0 0 0 0
3605 0 0 0 0
3606 8 476 8 476
3607 0 0 0 0
3608 0 0 0 0
3609 3 166 3 287
3610 3 610 3 120
3611 0 0 0 0
3612 10 584 10 580
3613 1 68 2 104
3614 0 0 0 0
3615 2 126 2 126
3616 0 0 0 0
3617 0 0 0 0
3618 8 476 8 476
3619 0 0 0 0
3620 0 0 0 0
3621 2 126 2 126
3622 0 0 0 0
3623 0 0 0 0
3624 8 476 8 476
3625 0 0 0 0
3626 0 0 0 0
3627 1 86 1 40
3628 1 40 1 86
3629 0 0 0 0
3630 8 476 8 476
3631 0 0 0 0
3632 0 0 0 0
3633 0 0 0 0
3634 2 126 2 126
3635 0 0 0 0
3636 12 822 12 822
3637 0 0 0 0
3638 0 0 0 0
3639 0 0 0 0
3640 3 194 4 230
3641 0 0 0 0
3642 8 476 8 476
3643 1 68 2 104
3644 0 0 0 0
3645 0 0 0 0
3646 2 126 2 126
3647 0 0 0 0
3648 12 699 12 660
3649 0 0 0 0
3650 4 223 4 160
3651 4 223 4 184
3652 2 126 2 126
3653 0 0 0 0
3654 8 461 8 422
3655 0 0 0 0
3656 0 0 0 0
3657 0 0 0 0
3658 2 126 2 126
3659 0 0 0 0
3660 6 342 6 303
3661 2 119 2 119
3662 3 224 2 164
3663 324 34422 339 2514558
3664 125 21177 205 281418
3665 153 21419 184 260724
3666 154 25270 239 367337
3667 175 26883 366 434621
3668 5 3315 3 176
3669 4 653 4 281
3670 0 0 0 0
3671 0 0 0 0
3672 0 0 0 0
3673 1 68 2 104
3674 6 286 2 126
3675 5 228 6 264
3676 4 160 0 0
3677 4 160 4 160
3678 0 0 0 0
3679 0 0 0 0
3680 4 613 4 281
3681 0 0 0 0
3682 0 0 0 0
3683 11 762 11 870
3684 0 0 0 0
3685 6 286 6 286
3686 0 0 0 0
3687 4 160 4 160
3688 0 0 0 0
3689 0 0 0 0
3690 0 0 0 0
3691 2 126 2 126
3692 0 0 0 0
3693 0 0 0 0
3694 0 0 0 0
3695 4 160 4 160
3696 0 0 0 0
3697 6 286 6 286
3698 0 0 0 0
3699 0 0 0 0
3700 0 0 0 0
3701 0 0 0 0
3702 1 68 2 104
3703 4 269 6 341
3704 1 40 1 161
3705 7 770 7 280
3706 0 0 0 0
3707 4 160 4 160
3708 0 0 0 0
3709 0 0 0 0
3710 2 126 2 126
3711 0 0 0 0
3712 0 0 0 0
3713 0 0 0 0
3714 0 0 0 0
3715 4 160 4 160
3716 2 126 2 126
3717 4 160 4 160
3718 0 0 0 0
3719 2 119 2 119
3720 0 0 0 0
3721 4 238 4 238
3722 2 126 2 126
3723 2 119 2 119
3724 2 119 2 119
3725 6 279 6 279
3726 2 119 2 119
3727 4 160 4 160
3728 2 126 2 126
3729 1 68 2 104
3730 0 0 0 0
3731 0 0 0 0
3732 0 0 0 0
3733 1 68 2 104
3734 3 166 3 287
3735 7 773 7 280
3736 0 0 0 0
3737 4 160 4 160
3738 0 0 0 0
3739 0 0 0 0
3740 2 126 2 126
3741 0 0 0 0
3742 0 0 0 0
3743 0 0 0 0
3744 0 0 0 0
3745 4 160 4 160
3746 2 126 2 126
3747 4 160 4 160
3748 0 0 0 0
3749 0 0 0 0
3750 0 0 0 0
3751 0 0 0 0
3752 2 126 2 126
3753 0 0 0 0
3754 0 0 0 0
3755 3 120 2 80
3756 1 40 2 80
3757 4 160 4 160
3758 2 126 2 126
3759 0 0 0 0
3760 0 0 0 0
3761 0 0 0 0
3762 0 0 0 0
3763 2 108 3 265
3764 3 573 3 120
3765 2 80 2 80
3766 2 80 2 80
3767 4 160 4 160
3768 0 0 0 0
3769 2 126 2 126
3770 0 0 0 0
3771 1 68 2 104
3772 4 223 4 160
3773 0 0 0 0
3774 0 0 0 0
3775 4 206 4 206
3776 2 80 2 80
3777 4 160 4 160
3778 0 0 0 0
3779 16 814 16 718
3780 1 86 1 40
3781 6 264 6 286
3782 7 343 7 319
3783 2 119 2 119
3784 3 159 3 280
3785 5 729 5 239
3786 0 0 0 0
3787 0 0 0 0
3788 0 0 0 0
3789 0 0 0 0
3790 2 126 2 126
3791 0 0 0 0
3792 0 0 0 0
3793 1 68 2 104
3794 0 0 0 0
3795 0 0 0 0
3796 2 126 2 126
3797 0 0 0 0
3798 1 76 1 76
3799 0 0 0 0
3800 0 0 0 0
3801 0 0 0 0
3802 2 126 2 126
3803 0 0 0 0
3804 0 0 0 0
3805 0 0 0 0
3806 0 0 0 0
3807 1 68 2 104
3808 2 126 2 126
3809 0 0 0 0
3810 0 0 0 0
3811 0 0 0 0
3812 0 0 0 0
3813 0 0 0 0
3814 2 126 2 126
3815 0 0 0 0
3816 0 0 0 0
3817 0 0 0 0
3818 0 0 0 0
3819 2 80 2 322
3820 0 0 0 0
3821 0 0 0 0
3822 3 120 3 483
3823 1 68 2 104
3824 6 1186 6 240
3825 3 610 3 120
3826 0 0 0 0
3827 0 0 0 0
3828 2 126 2 126
3829 11 2523 11 4756
3830 3 241 3 24298
3831 6 501 6 501
3832 49 3417 56 412283
3833 8 446 8 320
3834 18 4444 19 7361
3835 8 446 8 320
3836 0 0 0 0
3837 4 223 4 160
3838 4 223 4 160
3839 0 0 0 0
3840 2 126 2 126
3841 0 0 0 0
3842 3 1343 3 229
3843 0 0 0 0
3844 0 0 0 0
3845 1 68 2 104
3846 2 126 2 126
3847 0 0 0 0
3848 0 0 0 0
3849 0 0 0 0
3850 0 0 0 0
3851 0 0 0 0
3852 2 126 2 126
3853 1 68 2 104
3854 0 0 0 0
3855 0 0 0 0
3856 0 0 0 0
3857 0 0 0 0
3858 0 0 0 0
3859 2 126 2 126
3860 0 0 0 0
3861 0 0 0 0
3862 0 0 0 0
3863 0 0 0 0
3864 0 0 0 0
3865 2 126 2 126
3866 0 0 0 0
3867 0 0 0 0
3868 0 0 0 0
3869 0 0 0 0
3870 0 0 0 0
3871 2 126 2 126
3872 0 0 0 0
3873 0 0 0 0
3874 0 0 0 0
3875 0 0 0 0
3876 0 0 0 0
3877 2 126 2 126
3878 0 0 0 0
3879 0 0 0 0
3880 0 0 0 0
3881 0 0 0 0
3882 0 0 0 0
3883 4 262 6 334
3884 0 0 0 0
3885 0 0 0 0
3886 0 0 0 0
3887 0 0 0 0
3888 0 0 0 0
3889 4 650 4 281
3890 0 0 0 0
3891 2 119 2 119
3892 4 374 4 374
3893 2 119 2 119
3894 3 166 3 212
3895 0 0 0 0
3896 0 0 0 0
3897 0 0 0 0
3898 0 0 0 0
3899 1 40 1 86
3900 0 0 0 0
3901 2 119 2 119
3902 0 0 0 0
3903 0 0 0 0
3904 0 0 0 0
3905 0 0 0 0
3906 2 126 2 126
3907 0 0 0 0
3908 0 0 0 0
3909 0 0 0 0
3910 0 0 0 0
3911 0 0 0 0
3912 11 1718 12 4622
3913 15 3385 18 5166
3914 3 580 3 120
3915 0 0 0 0
3916 0 0 0 0
3917 0 0 0 0
3918 0 0 0 0
3919 2 126 2 126
3920 0 0 0 0
3921 0 0 0 0
3922 0 0 0 0
3923 0 0 0 0
3924 0 0 16 2059
3925 0 0 0 0
3926 22 1988 19 1732
3927 65 7310 59 5376
3928 72 8852 71 19356
3929 18 2136 17 24529
3930 1 224 0 0
3931 71 2951 74 687599
3932 12 2199 12 2829
3933 4 252 4 252
3934 46 3382 47 412741
3935 0 0 0 0
3936 0 0 0 0
3937 0 0 0 0
3938 0 0 0 0
3939 2 80 0 0
3940 18 1486 18 1143
3941 7 340 4 773
3942 18 4458 18 7128
3943 5 1435 5 333
3944 0 0 0 0
3945 6 371 6 371
3946 2 119 2 119
3947 0 0 0 0
3948 18 2587 17 5790
3949 2 80 3 1063
3950 2 80 2 80
3951 6 371 6 371
3952 2 119 2 119
3953 0 0 0 0
3954 3 159 3 421
3955 4 613 4 281
3956 7 987 7 494
3957 4 245 4 245
3958 2 119 2 119
3959 0 0 0 0
3960 6 325 6 325
3961 0 0 0 0
3962 0 0 0 0
3963 4 245 4 245
3964 25 3034 26 14763
3965 33 1320 49 121771
3966 4 245 4 245
3967 0 0 0 0
3968 0 0 0 0
3969 4 245 4 245
3970 4 199 4 199
3971 0 0 0 0
3972 4 245 4 245
3973 1 68 2 104
3974 0 0 0 0
3975 0 0 0 0
3976 0 0 0 0
3977 0 0 0 0
3978 0 0 0 0
3979 10 609 10 609
3980 0 0 0 0
3981 2 80 2 80
3982 0 0 0 0
3983 15 764 20 86709
3984 19 1575 22 65215
3985 15 1031 15 15980
3986 159 9615 180 2147366
3987 104 4195 124 3862505
3988 9 651 9 651
3989 7 768 6 708
3990 14 2318 14 5677
3991 12 664 12 660
3992 0 0 0 0
3993 0 0 0 0
3994 0 0 0 0
3995 2 126 2 126
3996 0 0 0 0
3997 6 357 6 357
3998 0 0 0 0
3999 0 0 0 0
4000 2 80 0 0
4001 6 286 6 286
4002 0 0 0 0
4003 7 425 8 461
4004 2 115 2 111
4005 0 0 0 0
4006 0 0 0 0
4007 2 126 2 126
4008 0 0 0 0
4009 6 357 6 357
4010 0 0 0 0
4011 61 3904 67 861577
4012 0 0 0 0
4013 0 0 0 0
4014 2 80 3 192
4015 0 0 0 0
4016 0 0 0 0
4017 0 0 0 0
4018 9 551 9 523
4019 0 0 0 0
4020 0 0 0 0
4021 4 160 4 160
4022 0 0 0 0
4023 0 0 0 0
4024 8 483 8 483
4025 0 0 0 0
4026 0 0 0 0
4027 0 0 0 0
4028 19 5250 20 5677
4029 7 436 8 521
4030 2 126 2 247
4031 7 773 7 280
4032 0 0 0 0
4033 1 68 2 104
4034 0 0 0 0
4035 6 357 6 357
4036 2 126 2 126
4037 0 0 0 0
4038 0 0 0 0
4039 0 0 0 0
4040 0 0 0 0
4041 10 517 10 517
4042 2 126 2 126
4043 0 0 0 0
4044 5 200 5 321
4045 3 573 3 120
4046 0 0 0 0
4047 6 357 6 357
4048 0 0 0 0
4049 0 0 0 0
4050 4 245 4 245
4051 7 339 7 335
4052 0 0 0 0
4053 0 0 0 0
4054 0 0 0 0
4055 6 357 6 357
4056 0 0 0 0
4057 6 500 6 500
4058 0 0 0 0
4059 0 0 0 0
4060 0 0 0 0
4061 1 40 1 40
4062 6 357 6 357
4063 3 194 4 230
4064 20 1129 23 151065
4065 0 0 0 0
4066 4 427 4 15377
4067 138 9377 172 918660
4068 369 15521 502 1677110
4069 2 126 2 126
4070 0 0 0 0
4071 1 40 1 40
4072 1 40 1 161
4073 3 610 3 120
4074 6 357 6 357
4075 0 0 0 0
4076 0 0 0 0
4077 0 0 0 0
4078 2 126 2 126
4079 0 0 0 0
4080 6 357 6 357
4081 1 40 1 40
4082 0 0 0 0
4083 0 0 0 0
4084 2 126 2 126
4085 0 0 0 0
4086 8 465 9 622
4087 5 692 5 239
4088 0 0 0 0
4089 0 0 0 0
4090 0 0 0 0
4091 0 0 0 0
4092 1 40 1 40
4093 8 444 8 492
4094 0 0 0 0
4095 0 0 0 0
4096 3 187 3 159
4097 194 24883 1417 1892864
4098 60 11261 79 49805
4099 51 8060 70 83116
4100 18 2886 99 118313
4101 110 16388 174 172385
4102 16 1471 27 21026
4103 77 8830 329 404296
4104 57 4175 508 687115
4105 85 12059 146 141793
4106 17 5528 41 33508
4107 156 23978 592 867702
4108 34 6235 129 145211
4109 25 4385 30 12820
4110 24 3515 99 114624
4111 18 2514 18 5825
4112 113 14662 340 444343
4113 77 28292 119 84086
4114 3 1568 6 3311
4115 0 0 0 0
4116 6 5245 3 156
4117 90 13014 144 214412
4118 2 80 2 80
4119 4 3550 2 116
4120 0 0 0 0
4121 121 13037 556 672951
4122 63 9072 167 193612
4123 60 10434 67 27038
4124 8 3748 11 1504
4125 2 119 2 119
4126 0 0 0 0
4127 4 245 4 245
4128 7 3624 9 1140
4129 1 68 2 104
4130 0 0 0 0
4131 0 0 0 0
4132 0 0 0 0
4133 0 0 0 0
4134 0 0 0 0
4135 9 3784 9 1224
4136 1 40 1 161
4137 3 573 3 120
4138 3 120 3 241
4139 4 667 4 176
4140 25 8378 31 8124
4141 69 16050 97 69646
4142 8 1904 44 51773
4143 13 7273 15 983
4144 61 16276 164 185174
4145 69 12395 222 256184
4146 5 2650 6 1814
4147 30 8345 40 40622
4148 13 4070 22 18153
4149 23 3177 87 93205
4150 0 0 0 0
4151 2 1284 3 215
4152 39 8372 49 19523
4153 10 1437 19 13134
4154 0 0 0 0
4155 133 24107 431 689283
4156 29 4413 216 278277
4157 16 1927 72 85175
4158 4 199 4 199
4159 0 0 0 0
4160 1 68 2 104
4161 2 1289 3 216
4162 26 10267 95 117476
4163 134 21826 385 702147
4164 114 15474 770 1024976
4165 32 7342 81 80996
4166 125 10037 1291 1761293
4167 8 489 255 352921
4168 1 40 0 0
4169 1 40 2 80
4170 0 0 0 0
4171 0 0 0 0
4172 2 80 2 322
4173 29 9668 153 187145
4174 7 1958 8 388
4175 0 0 0 0
4176 118 14654 1130 1530255
4177 210 18568 3640 5021569
4178 234 20186 5330 7360579
4179 286 25116 4989 6883673
4180 43 2877 825 1135921
4181 0 0 0 0
4182 0 0 0 0
4183 5 2231 7 430
4184 8 1630 9 542
4185 0 0 0 0
4186 5 239 5 239
4187 1 40 1 40
4188 3 183 4 223
4189 103 8880 979 1345975
4190 26 2671 352 480450
4191 0 0 0 0
4192 0 0 0 0
4193 4 2146 5 326
4194 2 80 2 80
4195 1 68 2 104
4196 5 246 5 246
4197 1 40 1 40
4198 94 7177 1267 1750578
4199 2 80 2 80
4200 0 0 0 0
4201 0 0 0 0
4202 2 126 2 126
4203 0 0 0 0
4204 2 80 2 80
4205 0 0 0 0
4206 0 0 0 0
4207 4 160 4 160
4208 2 126 2 126
4209 2 80 2 80
4210 0 0 0 0
4211 35 4475 293 399022
4212 29 2003 664 918135
4213 1 68 2 104
4214 6 325 6 325
4215 0 0 0 0
4216 0 0 0 0
4217 8 2307 9 486
4218 0 0 0 0
4219 3 120 3 241
4220 21 2842 319 435232
4221 33 2174 670 926599
4222 1 68 2 104
4223 30 2825 351 472551
4224 18 2733 47 51469
4225 2 126 2 126
4226 10 722 9 782
4227 70 5993 1107 1523639
4228 0 0 0 0
4229 0 0 0 0
4230 0 0 0 0
4231 86 6776 1462 2015252
4232 0 0 0 0
4233 0 0 0 0
4234 2 80 2 80
4235 0 0 0 0
4236 0 0 0 0
4237 10 509 10 446
4238 0 0 0 0
4239 0 0 0 0
4240 0 0 0 0
4241 4 653 4 281
4242 0 0 0 0
4243 1 68 2 104
4244 2 80 2 80
4245 0 0 0 0
4246 1 86 1 40
4247 9 813 9 526
4248 0 0 0 0
4249 0 0 0 0
4250 50 4674 1189 1643254
4251 0 0 0 0
4252 3 194 4 230
4253 0 0 0 0
4254 2 80 2 80
4255 0 0 0 0
4256 0 0 0 0
4257 44 7477 377 500248
4258 2 126 2 126
4259 0 0 0 0
4260 61 4986 1302 1797337
4261 0 0 0 0
4262 0 0 0 0
4263 0 0 0 0
4264 4 206 4 206
4265 0 0 0 0
4266 0 0 0 0
4267 4 160 4 160
4268 4 223 4 160
4269 0 0 0 0
4270 2 126 2 126
4271 89 7190 1463 2011137
4272 0 0 0 0
4273 1 68 2 104
4274 2 80 2 80
4275 0 0 0 0
4276 2 126 2 126
4277 0 0 0 0
4278 6 288 6 240
4279 0 0 0 0
4280 0 0 0 0
4281 0 0 0 0
4282 4 245 4 245
4283 4 223 4 160
4284 71 6155 1329 1838119
4285 3 233 84 115877
4286 0 0 0 0
4287 0 0 0 0
4288 2 126 2 126
4289 0 0 0 0
4290 33 3160 338 463195
4291 0 0 0 0
4292 1 68 2 104
4293 0 0 0 0
4294 2 126 2 126
4295 23 2546 283 390631
4296 71 4635 1143 1582192
4297 7 3583 8 2721
4298 0 0 0 0
4299 0 0 0 0
4300 0 0 0 0
4301 0 0 0 0
4302 0 0 0 0
4303 1 114 1 114
4304 10 509 12 867
4305 85 6989 1291 1779831
4306 1 40 1 161
4307 3 610 3 120
4308 0 0 0 0
4309 0 0 0 0
4310 0 0 0 0
4311 0 0 0 0
4312 2 126 2 126
4313 0 0 0 0
4314 0 0 0 0
4315 0 0 0 0
4316 0 0 0 0
4317 0 0 0 0
4318 2 126 2 126
4319 0 0 0 0
4320 3 148 4 232
4321 0 0 0 0
4322 0 0 0 0
4323 79 7206 1458 2012865
4324 1 63 22 30070
4325 2 126 2 126
4326 0 0 0 0
4327 0 0 0 0
4328 0 0 0 0
4329 0 0 0 0
4330 4 653 4 281
4331 0 0 0 0
4332 0 0 0 0
4333 1 68 2 104
4334 0 0 0 0
4335 4 223 4 160
4336 2 126 2 126
4337 9 4311 11 3446
4338 0 0 0 0
4339 0 0 0 0
4340 59 5025 1232 1701628
4341 0 0 0 0
4342 2 126 2 126
4343 0 0 0 0
4344 4 650 4 281
4345 0 0 0 0
4346 0 0 0 0
4347 0 0 0 0
4348 2 108 2 104
4349 2 126 2 126
4350 0 0 0 0
4351 0 0 0 0
4352 0 0 0 0
4353 0 0 0 0
4354 0 0 0 0
4355 0 0 0 0
4356 2 126 2 126
4357 25 2974 353 479516
4358 61 5240 1193 1649440
4359 0 0 0 0
4360 0 0 0 0
4361 0 0 0 0
4362 2 126 2 126
4363 1 68 2 104
4364 0 0 0 0
4365 0 0 0 0
4366 1 40 1 161
4367 3 613 3 120
4368 59 5408 1121 1548788
4369 0 0 0 0
4370 0 0 0 0
4371 0 0 0 0
4372 2 126 2 126
4373 0 0 0 0
4374 0 0 0 0
4375 0 0 0 0
4376 0 0 0 0
4377 7 5069 9 4106
4378 83 6421 1280 1764236
4379 0 0 0 0
4380 0 0 0 0
4381 0 0 0 0
4382 0 0 0 0
4383 1 68 2 104
4384 2 126 2 126
4385 0 0 0 0
4386 0 0 0 0
4387 0 0 0 0
4388 46 5053 642 880099
4389 0 0 0 0
4390 0 0 0 0
4391 0 0 0 0
4392 0 0 0 0
4393 3 194 4 230
4394 0 0 0 0
4395 0 0 0 0
4396 0 0 0 0
4397 0 0 0 0
4398 0 0 0 0
4399 2 126 2 126
4400 0 0 0 0
4401 0 0 0 0
4402 0 0 0 0
4403 0 0 0 0
4404 0 0 0 0
4405 0 0 0 0
4406 0 0 0 0
4407 0 0 0 0
4408 0 0 0 0
4409 2 126 2 126
4410 0 0 0 0
4411 0 0 0 0
4412 0 0 0 0
4413 5 690 5 441
4414 3 573 3 120
4415 1 68 2 104
4416 0 0 0 0
4417 11 5565 13 4722
4418 0 0 0 0
4419 2 126 2 126
4420 0 0 0 0
4421 0 0 0 0
4422 0 0 0 0
4423 1 68 2 104
4424 0 0 0 0
4425 2 126 2 126
4426 0 0 0 0
4427 0 0 0 0
4428 0 0 0 0
4429 0 0 0 0
4430 1 40 1 161
4431 3 613 3 120
4432 0 0 0 0
4433 0 0 0 0
4434 0 0 0 0
4435 0 0 0 0
4436 6 500 6 500
4437 0 0 0 0
4438 0 0 0 0
4439 0 0 0 0
4440 0 0 0 0
4441 0 0 0 0
4442 2 126 2 126
4443 0 0 0 0
4444 0 0 0 0
4445 0 0 0 0
4446 0 0 0 0
4447 0 0 0 0
4448 0 0 0 0
4449 0 0 0 0
4450 0 0 0 0
4451 0 0 0 0
4452 2 126 2 126
4453 1 68 2 104
4454 0 0 0 0
4455 0 0 0 0
4456 0 0 0 0
4457 6 3596 8 2717
4458 2 126 2 126
4459 1 68 2 104
4460 0 0 0 0
4461 0 0 0 0
4462 0 0 0 0
4463 0 0 0 0
4464 2 126 2 126
4465 0 0 0 0
4466 0 0 0 0
4467 0 0 0 0
4468 0 0 0 0
4469 0 0 0 0
4470 2 126 2 126
4471 0 0 0 0
4472 0 0 0 0
4473 0 0 0 0
4474 0 0 0 0
4475 0 0 0 0
4476 2 126 2 126
4477 0 0 0 0
4478 0 0 0 0
4479 0 0 0 0
4480 0 0 0 0
4481 0 0 0 0
4482 2 126 2 126
4483 1 68 2 104
4484 0 0 0 0
4485 0 0 0 0
4486 0 0 0 0
4487 0 0 0 0
4488 3 120 4 256
4489 1 68 1 40
4490 0 0 0 0
4491 0 0 0 0
4492 0 0 0 0
4493 0 0 0 0
4494 0 0 0 0
4495 1 40 1 161
4496 3 613 3 120
4497 12 5847 13 4818
4498 0 0 0 0
4499 0 0 0 0
4500 0 0 0 0
4501 15 3006 14 5521
4502 8 804 9 1947
4503 0 0 0 0
4504 0 0 0 0
4505 0 0 0 0
4506 0 0 0 0
4507 0 0 0 0
4508 2 126 2 126
4509 0 0 0 0
4510 0 0 0 0
4511 0 0 0 0
4512 0 0 0 0
4513 1 68 2 104
4514 2 126 2 126
4515 0 0 0 0
4516 0 0 0 0
4517 0 0 0 0
4518 2 108 2 104
4519 0 0 0 0
4520 2 126 2 126
4521 0 0 0 0
4522 0 0 0 0
4523 0 0 0 0
4524 0 0 0 0
4525 0 0 0 0
4526 12 848 11 908
4527 0 0 0 0
4528 0 0 0 0
4529 4 653 4 281
4530 0 0 0 0
4531 0 0 0 0
4532 1 40 1 162
4533 3 610 3 120
4534 0 0 0 0
4535 0 0 0 0
4536 0 0 0 0
4537 7 3662 8 2721
4538 2 126 2 126
4539 0 0 0 0
4540 0 0 0 0
4541 0 0 0 0
4542 0 0 0 0
4543 2 136 4 208
4544 25 6819 25 2820
4545 3 188 38 49477
4546 4 2459 4 242
4547 0 0 0 0
4548 0 0 0 0
4549 0 0 0 0
4550 54 9243 173 208576
4551 0 0 0 0
4552 22 2860 77 85960
4553 14 1784 73 90305
4554 7 1312 41 47725
4555 0 0 0 0
4556 7 4258 34 37810
4557 36 5059 129 151555
4558 42 5759 111 106193
4559 0 0 0 0
4560 34 4538 143 162763
4561 31 3667 87 92113
4562 3 224 2 164
4563 51 10317 124 121747
4564 13 983 30 31156
4565 0 0 0 0
4566 1 86 1 40
4567 1 40 1 86
4568 0 0 0 0
4569 22 3102 69 73979
4570 0 0 0 0
4571 36 7333 117 136142
4572 152 25822 738 1101592
4573 34 7171 215 266929
4574 19 2498 82 95455
4575 0 0 0 0
4576 21 2644 86 101779
4577 0 0 0 0
4578 0 0 0 0
4579 2 126 2 126
4580 4 899 11 11562
4581 0 0 0 0
4582 2 80 0 0
4583 20 2110 64 72434
4584 0 0 0 0
4585 10 4836 40 42637
4586 0 0 8 7818
4587 2 80 4 738
4588 0 0 1 58
4589 0 0 0 0
4590 0 0 0 0
4591 0 0 1 1380
4592 0 0 1 100
4593 2 80 2 80
4594 0 0 0 0
4595 0 0 0 0
4596 0 0 0 0
4597 92 12616 221 219423
4598 5 239 9 6748
4599 0 0 0 0
4600 0 0 0 0
4601 0 0 0 0
4602 4 653 4 281
4603 3 148 4 184
4604 0 0 0 0
4605 1 75 2 111
4606 0 0 0 0
4607 2 126 2 126
4608 0 0 0 0
4609 0 0 0 0
4610 0 0 0 0
4611 0 0 0 0
4612 1 40 1 161
4613 5 690 5 200
4614 0 0 0 0
4615 0 0 0 0
4616 0 0 0 0
4617 0 0 0 0
4618 4 245 4 245
4619 0 0 0 0
4620 0 0 0 0
4621 21 2928 20 15425
4622 175 12035 212 2059376
4623 234 10301 274 2721099
4624 73 2966 93 614238
4625 15 1305 18 28979
4626 118 7611 130 1711068
4627 2 108 2 104
4628 13 1069 13 47430
4629 47 1880 60 286612
4630 2 126 2 126
4631 0 0 0 0
4632 0 0 0 0
4633 5 228 5 345
4634 3 573 3 120
4635 0 0 0 0
4636 0 0 0 0
4637 0 0 0 0
4638 0 0 0 0
4639 2 126 2 126
4640 0 0 0 0
4641 3 236 3 4039
4642 46 4764 54 154888
4643 91 6046 108 1037773
4644 0 0 0 0
4645 86 4002 105 484552
4646 1 40 1 71
4647 0 0 0 0
4648 0 0 0 0
4649 0 0 0 0
4650 0 0 0 0
4651 2 126 2 126
4652 0 0 0 0
4653 2 80 2 80
4654 0 0 0 0
4655 0 0 0 0
4656 4 238 4 238
4657 2 126 2 126
4658 0 0 0 0
4659 1 68 2 104
4660 0 0 0 0
4661 0 0 0 0
4662 0 0 0 0
4663 5 274 6 310
4664 0 0 0 0
4665 4 650 4 281
4666 0 0 0 0
4667 0 0 0 0
4668 0 0 0 0
4669 0 0 0 0
4670 0 0 0 0
4671 1 86 4 298
4672 0 0 1 86
4673 2 80 3 166
4674 3 120 0 0
4675 1 40 0 0
4676 0 0 0 0
4677 1 40 0 0
4678 4 1068 4 1448
4679 2 119 2 119
4680 0 0 0 0
4681 5 320 5 14416
4682 2 126 2 126
4683 0 0 0 0
4684 10 676 10 6177
4685 5 1467 5 321
4686 65 6610 69 299943
4687 38 1568 44 1188009
4688 20 1832 21 49251
4689 216 9156 270 1561340
4690 129 5499 143 2168011
4691 71 2840 88 437931
4692 0 0 0 0
4693 1 68 2 104
4694 12 1639 14 32876
4695 0 0 0 0
4696 2 126 2 126
4697 0 0 0 0
4698 0 0 0 0
4699 0 0 0 0
4700 17 2249 21 20160
4701 0 0 0 0
4702 2 126 2 126
4703 0 0 0 0
4704 5 681 6 385
4705 0 0 0 0
4706 0 0 0 0
4707 16 3655 16 2128
4708 5 1962 7 448
4709 2 126 2 126
4710 0 0 0 0
4711 0 0 0 0
4712 0 0 0 0
4713 0 0 0 0
4714 0 0 0 0
4715 0 0 0 0
4716 0 0 0 0
4717 0 0 0 0
4718 0 0 0 0
4719 0 0 0 0
4720 0 0 0 0
4721 0 0 0 0
4722 6 364 6 364
4723 1 68 2 104
4724 1 40 1 161
4725 3 613 3 120
4726 1 169 0 0
4727 0 0 0 0
4728 0 0 0 0
4729 0 0 0 0
4730 2 126 2 126
4731 0 0 0 0
4732 0 0 0 0
4733 4 223 4 160
4734 0 0 0 0
4735 1 68 2 104
4736 6 500 6 500
4737 0 0 0 0
4738 0 0 0 0
4739 1 40 1 161
4740 3 610 3 120
4741 0 0 0 0
4742 0 0 0 0
4743 0 0 0 0
4744 0 0 0 0
4745 2 126 2 126
4746 0 0 0 0
4747 0 0 0 0
4748 0 0 0 0
4749 0 0 0 0
4750 0 0 0 0
4751 2 126 2 126
4752 0 0 0 0
4753 3 187 4 223
4754 0 0 0 0
4755 0 0 0 0
4756 0 0 0 0
4757 0 0 0 0
4758 0 0 0 0
4759 0 0 0 0
4760 1 40 1 162
4761 1 40 1 137
4762 3 166 5 384
4763 2 80 0 0
4764 2 119 2 119
4765 6 1186 6 240
4766 2 119 2 119
4767 1 68 2 104
4768 8 446 8 320
4769 0 0 0 0
4770 2 126 2 126
4771 0 0 0 0
4772 0 0 0 0
4773 0 0 0 0
4774 0 0 0 0
4775 0 0 0 0
4776 2 126 2 126
4777 0 0 0 0
4778 0 0 0 0
4779 0 0 0 0
4780 0 0 0 0
4781 0 0 0 0
4782 2 126 2 126
4783 1 68 2 104
4784 0 0 0 0
4785 13 2677 14 1183
4786 0 0 0 0
4787 17 2508 16 6654
4788 89 4150 102 668752
4789 91 9392 93 163507
4790 12 2563 12 1170
4791 15 1995 16 56595
4792 13 1753 14 2494
4793 0 0 0 0
4794 67 7299 76 370461
4795 1 40 1 1414
4796 0 0 0 0
4797 0 0 0 0
4798 0 0 0 0
4799 0 0 0 0
4800 0 0 0 0
4801 0 0 0 0
4802 0 0 0 0
4803 0 0 0 0
4804 0 0 0 0
4805 0 0 0 0
4806 0 0 0 0
4807 1 86 1 40
4808 17 3959 16 1852
4809 0 0 0 0
4810 121 7522 135 826021
4811 174 18739 183 503760
4812 30 4009 27 15955
4813 15 1052 16 43319
4814 3 183 4 223
4815 83 3406 83 974294
4816 151 7387 154 1599354
4817 7 1550 7 1834
4818 1 40 1 86
4819 0 0 0 0
4820 0 0 0 0
4821 0 0 0 0
4822 2 1243 2 80
4823 7 365 5 394
4824 2 80 2 80
4825 2 119 2 119
4826 12 1367 11 1427
4827 26 3283 28 7650
4828 10 1792 10 5978
4829 2 126 2 126
4830 0 0 0 0
4831 55 2277 56 487171
4832 0 0 0 0
4833 0 0 0 0
4834 2 80 2 80
4835 2 126 2 126
4836 1 40 1 161
4837 13 1911 12 1166
4838 8 2988 10 644
4839 1 354 1 40
4840 1 40 1 2393
4841 0 0 0 0
4842 0 0 0 0
4843 0 0 0 0
4844 2 80 0 0
4845 6 240 9 480
4846 0 0 0 0
4847 0 0 0 0
4848 0 0 0 0
4849 0 0 0 0
4850 0 0 0 0
4851 0 0 0 0
4852 0 0 0 0
4853 0 0 0 0
4854 4 462 4 462
4855 0 0 0 0
4856 0 0 0 0
4857 20 1826 16 1564
4858 88 8156 83 7043
4859 11 1098 10 673
4860 78 7234 79 257880
4861 1 224 0 0
4862 0 0 0 0
4863 24 1571 24 1571
4864 4 234 4 230
4865 0 0 0 0
4866 4 245 4 245
4867 0 0 0 0
4868 2 80 2 80
4869 24 1792 25 1411
4870 4 206 2 126
4871 31 1901 31 155827
4872 39 3275 41 149961
4873 5 259 5 255
4874 2 116 2 80
4875 18 985 18 41096
4876 48 2220 48 366773
4877 32 7077 32 56538
4878 5 285 5 285
4879 0 0 0 0
4880 0 0 0 0
4881 6 325 6 325
4882 7 1559 7 833
4883 6 357 6 357
4884 0 0 0 0
4885 0 0 0 0
4886 0 0 0 0
4887 0 0 0 0
4888 1 40 1 40
4889 0 0 0 0
4890 2 195 2 195
4891 4 259 4 259
4892 0 0 0 0
4893 21 1279 22 1315
4894 0 0 0 0
4895 0 0 0 0
4896 0 0 0 0
4897 0 0 0 0
4898 1 40 1 40
4899 20 1211 20 1211
4900 0 0 0 0
4901 2 80 2 80
4902 4 613 4 422
4903 1 68 2 104
4904 0 0 0 0
4905 20 1200 20 1196
4906 4 650 4 281
4907 0 0 0 0
4908 1 40 1 40
4909 0 0 0 0
4910 0 0 0 0
4911 22 1291 22 1291
4912 4 653 4 281
4913 0 0 0 0
4914 0 0 0 0
4915 0 0 0 0
4916 0 0 0 0
4917 20 1211 20 1211
4918 13 2701 13 1557
4919 12 2811 14 1393
4920 0 0 0 0
4921 2 80 2 80
4922 16 959 16 959
4923 4 252 4 252
4924 0 0 0 0
4925 0 0 0 0
4926 0 0 0 0
4927 0 0 0 0
4928 0 0 0 0
4929 0 0 0 0
4930 0 0 0 0
4931 0 0 0 0
4932 0 0 0 0
4933 0 0 0 0
4934 11 440 13 760
4935 1 40 1 86
4936 24 1458 24 1279
4937 2 80 2 157
4938 0 0 0 0
4939 0 0 0 0
4940 0 0 0 0
4941 0 0 0 0
4942 17 1045 17 999
4943 1 40 1 86
4944 2 80 2 80
4945 0 0 0 0
4946 0 0 0 0
4947 0 0 0 0
4948 17 1045 17 999
4949 1 40 1 86
4950 0 0 0 0
4951 4 613 4 281
4952 0 0 0 0
4953 2 108 2 104
4954 18 1039 18 1039
4955 0 0 0 0
4956 1 86 1 40
4957 2 1104 2 126
4958 1 40 1 1394
4959 4 653 4 281
4960 14 840 14 840
4961 0 0 0 0
4962 0 0 0 0
4963 4 227 4 223
4964 3 166 3 120
4965 1 40 1 86
4966 30 1517 30 195000
4967 4 160 4 323
4968 0 0 0 0
4969 0 0 0 0
4970 0 0 0 0
4971 0 0 0 0
4972 0 0 0 0
4973 0 0 0 0
4974 0 0 0 0
4975 0 0 0 0
4976 0 0 0 0
4977 2 80 0 0
4978 1 40 4 208
4979 25 1432 25 1404
4980 0 0 0 0
4981 1 486 1 40
4982 0 0 0 0
4983 33 1873 33 120757
4984 21 1919 21 98777
4985 10 609 10 609
4986 39 1666 44 406566
4987 9 2748 9 1874
4988 7 357 9 53159
4989 6 769 6 400
4990 0 0 0 0
4991 7 404 7 525
4992 7 851 7 358
4993 3 187 4 223
4994 4 1409 4 199
4995 3 159 3 246
4996 0 0 0 0
4997 10 601 10 555
4998 2 119 2 119
4999 2 119 2 119
5000 4 238 4 238
5001 2 119 2 119
5002 0 0 0 0
5003 6 364 6 364
5004 2 119 2 119
5005 2 119 2 119
5006 4 238 4 238
5007 2 119 2 119
5008 0 0 0 0
5009 6 364 6 364
5010 14 1389 13 4661
5011 13 1700 15 7036
5012 1 40 2 6866
5013 0 0 0 0
5014 0 0 0 0
5015 0 0 0 0
5016 0 0 0 0
5017 11 440 11 1189
5018 0 0 0 0
5019 0 0 0 0
5020 0 0 0 0
5021 0 0 0 0
5022 13 782 13 754
5023 15 3079 16 10107
5024 0 0 0 0
5025 0 0 0 0
5026 5 276 5 41363
5027 1 86 1 40
5028 11 635 11 681
5029 0 0 0 0
5030 0 0 0 0
5031 4 513 4 2448
5032 0 0 0 0
5033 1 86 1 40
5034 13 1029 14 3932
5035 0 0 0 0
5036 0 0 0 0
5037 3 198 3 159
5038 30 1277 31 186523
5039 4 160 5 9608
5040 11 1125 11 557
5041 2 80 2 158
5042 0 0 0 0
5043 4 223 4 184
5044 3 205 3 159
5045 1 40 1 86
5046 4 316 4 160
5047 5 510 5 356
5048 0 0 0 0
5049 87 3480 106 652419
5050 7 494 7 33762
5051 2 80 2 165
5052 6 424 6 264
5053 5 228 6 420
5054 0 0 0 0
5055 0 0 0 0
5056 0 0 0 0
5057 0 0 0 0
5058 0 0 0 0
5059 0 0 0 0
5060 15 841 16 1037
5060 1 40 1 86
5061 1 40 0 0
5062 0 0 0 0
5063 0 0 0 0
5064 0 0 0 0
5065 4 307 4 181
5066 35 6405 49 47726
5067 23 3456 32 22640
5068 43 6959 39 10407
5069 5 847 2 118
5070 29 4424 25 6231
5071 54 8076 51 14498
5072 45 8073 53 10021
5073 25 3666 29 16516
