0 160 17196 188 214973
1 203 8714 304 686150
2 231 15416 327 547903
3 50 2000 76 182730
4 4 374 4 374
5 0 0 0 0
6 0 0 0 0
7 0 0 0 0
8 0 0 0 0
9 0 0 0 0
10 1 40 0 0
11 1 40 1 40
12 4 374 4 374
13 0 0 0 0
14 0 0 0 0
15 0 0 0 0
16 0 0 0 0
17 0 0 0 0
18 0 0 0 0
19 0 0 0 0
20 0 0 0 0
21 0 0 0 0
22 1 40 1 40
23 0 0 0 0
24 0 0 0 0
25 0 0 0 0
26 0 0 0 0
27 81 10268 88 50323
28 194 9269 265 627011
29 83 3413 86 275618
30 158 9765 205 380196
31 91 5362 117 288897
32 0 0 0 0
33 1 73 0 0
34 0 0 0 0
35 1 73 0 0
36 0 0 0 0
37 1 73 0 0
38 0 0 0 0
39 43 4743 40 4484
40 0 0 0 0
41 1 73 0 0
42 0 0 0 0
43 1 73 0 0
44 0 0 0 0
45 1 73 0 0
46 0 0 0 0
47 1 73 0 0
48 0 0 0 0
49 3 153 0 0
50 2 80 2 80
51 1 73 0 0
52 0 0 0 0
53 1 73 0 0
54 0 0 0 0
55 1 73 0 0
56 0 0 0 0
57 1 73 0 0
58 0 0 0 0
59 2 145 1 72
60 6 426 6 426
61 1 73 0 0
62 25 1404 24 1092
63 24 3693 28 24232
64 184 12477 260 534137
65 133 7138 191 458773
66 199 11361 276 609759
67 1 73 0 0
68 0 0 0 0
69 1 73 0 0
70 0 0 0 0
71 1 73 0 0
72 0 0 0 0
73 2 145 1 72
74 0 0 0 0
75 1 73 0 0
76 70 8547 68 23262
77 93 14195 91 34046
78 23 5525 29 5900
79 17 2008 16 7905
80 8 642 8 642
81 102 13961 98 53052
82 26 1968 26 18958
83 57 4190 63 118546
84 51 2674 58 113147
85 7 1001 5 2980
86 55 5418 60 75989
87 76 3230 78 176880
88 87 3480 136 303728
89 128 5309 217 486520
90 126 5040 203 620624
91 121 4840 208 619376
92 86 3440 139 407644
93 152 14083 172 284205
94 166 7128 249 668125
95 223 14644 312 560777
96 34 1360 53 106060
97 2 80 2 80
98 1 40 1 40
99 1 40 1 40
100 0 0 0 0
101 0 0 0 0
102 2 80 2 80
103 2 112 2 112
104 0 0 0 0
105 0 0 0 0
106 0 0 0 0
107 2 80 2 80
108 1 40 1 40
109 1 40 1 40
110 0 0 0 0
111 0 0 0 0
112 2 80 2 80
113 1 40 1 40
114 0 0 0 0
115 0 0 0 0
116 0 0 0 0
117 2 80 2 80
118 1 40 1 40
119 1 40 1 40
120 0 0 0 0
121 31 3837 32 38985
122 66 3874 63 147058
123 174 21627 172 92327
124 176 10078 257 551434
125 146 10876 208 479912
126 26 1266 39 112182
127 87 6876 105 150045
128 168 12700 217 390970
129 89 5791 113 202908
130 11 1894 11 4656
131 2 80 3 966
132 0 0 0 0
133 3 120 1 40
134 2 80 2 80
135 12 1302 12 1012
136 10 974 10 1190
137 2 119 2 119
138 3 159 3 159
139 1 40 1 40
140 0 0 0 0
141 2 108 2 104
142 0 0 0 0
143 1 40 1 40
144 2 80 2 80
145 0 0 0 0
146 2 80 0 0
147 2 80 2 80
148 2 112 2 112
149 1 40 1 40
150 0 0 0 0
151 1 86 1 40
152 1 40 1 86
153 1 40 1 40
154 2 80 2 80
155 1 73 0 0
156 0 0 0 0
157 38 3942 41 17579
158 183 13146 252 480782
159 124 6359 181 468483
160 210 12685 279 580815
161 26 1040 42 91215
162 12 2878 12 4712
163 7 567 10 6337
164 3 120 2 80
165 0 0 0 0
166 0 0 0 0
167 2 80 2 80
168 1 40 1 40
169 1 40 1 40
170 3 269 3 2645
171 1 68 2 104
172 0 0 0 0
173 1 40 1 40
174 9 608 9 608
175 26 2223 18 1258
176 76 8225 87 122563
177 53 4738 73 125434
178 143 6953 220 595033
179 162 6480 268 694176
180 134 5360 217 645800
181 119 4760 192 589776
182 131 5272 210 609352
183 164 6560 262 680904
184 107 4315 137 564408
185 137 12703 166 324338
186 219 9892 264 659924
187 271 16500 270 494234
188 141 5671 183 427116
189 1 40 1 40
190 0 0 0 0
191 0 0 0 0
192 2 80 2 80
193 7 365 7 365
194 2 119 2 119
195 2 119 2 119
196 2 119 2 119
197 5 200 5 200
198 2 116 2 116
199 0 0 0 0
200 0 0 0 0
201 1 68 2 104
202 0 0 0 0
203 0 0 0 0
204 0 0 0 0
205 1 73 0 0
206 0 0 0 0
207 3 120 3 120
208 1 40 1 40
209 0 0 0 0
210 2 126 2 126
211 0 0 0 0
212 0 0 0 0
213 0 0 0 0
214 0 0 0 0
215 0 0 0 0
216 18 1156 17 844
217 142 13030 167 249447
218 332 13768 335 710451
219 160 11557 214 390903
220 81 3271 119 288703
221 0 0 0 0
222 0 0 0 0
223 0 0 0 0
224 0 0 0 0
225 0 0 0 0
226 0 0 0 0
227 3 120 3 120
228 2 119 2 119
229 1 40 1 40
230 0 0 0 0
231 1 68 2 104
232 0 0 0 0
233 0 0 0 0
234 0 0 0 0
235 2 126 2 126
236 2 119 2 119
237 3 120 3 120
238 0 0 0 0
239 1 40 1 40
240 0 0 0 0
241 34 3917 35 2221
242 188 13464 266 509071
243 118 6155 179 472754
244 211 12766 299 634773
245 0 0 0 0
246 2 119 2 119
247 34 3102 34 2040
248 93 6666 130 272830
249 74 6369 95 70914
250 52 3782 65 89477
251 260 29442 301 254048
252 205 22862 248 237318
253 203 22666 245 259209
254 198 22364 244 248841
255 191 21142 239 236434
256 195 22251 227 240281
257 196 21711 239 249168
258 188 21599 237 229901
259 193 21226 230 239502
260 186 20905 222 236789
261 213 24029 247 247158
262 197 21462 234 233184
263 207 22770 244 254789
264 163 17789 196 216743
265 0 0 0 0
266 0 0 0 0
267 0 0 0 0
268 1 40 1 40
269 1 40 1 40
270 0 0 0 0
271 139 13726 165 128746
272 173 8052 273 658730
273 215 14552 249 467528
274 144 5760 173 390121
275 0 0 0 0
276 0 0 0 0
277 0 0 0 0
278 1 40 1 40
279 1 40 1 40
280 0 0 0 0
281 0 0 0 0
282 0 0 0 0
283 0 0 0 0
284 0 0 0 0
285 0 0 0 0
286 0 0 0 0
287 2 119 2 119
288 1 40 1 40
289 2 112 2 112
290 0 0 0 0
291 3 148 4 184
292 2 80 2 80
293 0 0 0 0
294 0 0 0 0
295 34 3928 34 2079
296 106 10141 128 236199
297 196 7977 263 605422
298 237 15452 264 409374
299 141 5640 157 369059
300 0 0 0 0
301 0 0 0 0
302 2 119 2 119
303 0 0 0 0
304 0 0 0 0
305 3 183 4 223
306 0 0 0 0
307 0 0 0 0
308 0 0 0 0
309 0 0 0 0
310 0 0 0 0
311 0 0 0 0
312 0 0 0 0
313 0 0 0 0
314 0 0 0 0
315 0 0 0 0
316 0 0 0 0
317 0 0 0 0
318 0 0 0 0
319 0 0 0 0
320 0 0 0 0
321 1 68 2 104
322 0 0 0 0
323 0 0 0 0
324 0 0 0 0
325 1 73 0 0
326 0 0 0 0
327 1 72 1 72
328 0 0 0 0
329 0 0 0 0
330 143 13476 168 267005
331 181 7728 269 661475
332 120 7735 168 314539
333 112 6422 171 388588
334 0 0 0 0
335 0 0 0 0
336 0 0 0 0
337 0 0 0 0
338 0 0 0 0
339 0 0 0 0
340 4 223 4 160
341 0 0 0 0
342 0 0 0 0
343 14 3133 15 1261
344 1 40 1 1447
345 1 637 1 40
346 10 809 9 3870
347 0 0 0 0
348 0 0 0 0
349 14 920 8 560
350 33 2711 29 1986
351 43 7433 48 22938
352 8 1061 10 8126
353 6 814 7 1663
354 36 2359 33 64234
355 26 3176 24 3643
356 7 280 8 22536
357 28 1992 15 1941
358 51 4180 58 106692
359 137 5480 140 313508
360 0 0 0 0
361 0 0 0 0
362 0 0 0 0
363 29 3576 30 1889
364 146 11786 182 359229
365 143 5752 242 592441
366 253 15763 332 582004
367 35 2177 42 88988
368 15 1934 15 2479
369 1 40 0 0
370 2 80 1 40
371 1 40 1 40
372 0 0 0 0
373 0 0 0 0
374 0 0 0 0
375 0 0 0 0
376 13 1825 13 1780
377 0 0 0 0
378 3 155 2 111
379 1 40 1 40
380 1 40 1 40
381 2 108 3 144
382 0 0 0 0
383 0 0 0 0
384 0 0 0 0
385 0 0 0 0
386 0 0 0 0
387 0 0 0 0
388 0 0 0 0
389 1 40 1 40
390 1 40 1 40
391 1 40 1 40
392 0 0 0 0
393 1 72 1 72
394 0 0 0 0
395 95 11121 107 75880
396 69 3892 96 224510
397 25 1000 30 67808
398 2 80 2 2976
399 53 2120 59 127230
400 55 2200 55 149896
401 31 1240 31 83776
402 65 2600 65 167672
403 121 8286 124 151075
404 199 9734 222 418934
405 56 2240 74 157261
406 0 0 0 0
407 0 0 0 0
408 0 0 0 0
409 0 0 0 0
410 1 40 1 40
411 4 234 5 270
412 0 0 0 0
413 2 119 2 119
414 0 0 0 0
415 0 0 0 0
416 2 119 2 119
417 0 0 0 0
418 0 0 0 0
419 0 0 0 0
420 1 40 1 40
421 1 40 1 40
422 5 277 5 277
423 1 72 1 72
424 0 0 0 0
425 0 0 0 0
426 0 0 0 0
427 0 0 0 0
428 0 0 0 0
429 0 0 0 0
430 1 40 1 40
431 1 40 1 40
432 25 2444 24 1195
433 104 10461 141 202708
434 99 4448 149 313500
435 22 919 29 64911
436 76 3040 76 153632
437 58 2320 58 129744
438 33 1352 33 88232
439 1 40 1 1778
440 124 8186 125 186611
441 106 7055 107 187186
442 58 2344 78 161379
443 50 2000 57 131726
444 0 0 0 0
445 1 73 0 0
446 0 0 0 0
447 0 0 0 0
448 0 0 0 0
449 0 0 0 0
450 1 40 1 40
451 1 40 1 40
452 0 0 0 0
453 0 0 0 0
454 0 0 0 0
455 0 0 0 0
456 0 0 0 0
457 0 0 0 0
458 0 0 0 0
459 0 0 0 0
460 1 40 1 40
461 1 40 1 40
462 0 0 0 0
463 2 119 2 119
464 0 0 0 0
465 0 0 0 0
466 0 0 0 0
467 0 0 0 0
468 1 72 1 72
469 34 3909 35 2221
470 201 13861 278 515015
471 96 4610 123 438455
472 251 15364 366 669688
473 0 0 0 0
474 3 144 3 120
475 5 263 5 239
476 0 0 0 0
477 0 0 0 0
478 0 0 0 0
479 0 0 0 0
480 0 0 0 0
481 0 0 0 0
482 2 146 2 146
483 0 0 0 0
484 0 0 0 0
485 0 0 0 0
486 0 0 0 0
487 0 0 0 0
488 0 0 0 0
489 0 0 0 0
490 0 0 0 0
491 0 0 0 0
492 0 0 0 0
493 0 0 0 0
494 2 119 2 119
495 0 0 0 0
496 0 0 0 0
497 0 0 0 0
498 0 0 0 0
499 0 0 0 0
500 0 0 0 0
501 1 68 2 104
502 130 13191 167 196859
503 175 7488 276 674787
504 184 12461 252 493403
505 80 3200 124 254639
506 0 0 0 0
507 0 0 0 0
508 4 374 4 374
509 0 0 0 0
510 0 0 0 0
511 0 0 0 0
512 0 0 0 0
513 1 72 1 72
514 2 100 1 44
515 0 0 0 0
516 4 223 4 160
517 0 0 0 0
518 0 0 0 0
519 0 0 0 0
520 0 0 0 0
521 0 0 0 0
522 0 0 0 0
523 0 0 0 0
524 0 0 0 0
525 4 223 4 160
526 0 0 0 0
527 4 223 4 160
528 14 3021 18 6826
529 1 40 0 0
530 0 0 0 0
531 1 68 2 104
532 0 0 0 0
533 26 3167 26 14091
534 4 388 4 1707
535 0 0 0 0
536 37 4032 38 19892
537 159 12179 216 413052
538 140 6696 222 533530
539 291 16576 316 656366
540 3 120 5 11531
541 1 644 0 0
542 1 644 1 40
543 0 0 0 0
544 0 0 0 0
545 0 0 6 7770
546 20 1629 20 2280
547 1 40 0 0
548 0 0 0 0
549 0 0 0 0
550 1 72 1 72
551 0 0 0 0
552 0 0 0 0
553 0 0 0 0
554 0 0 0 0
555 2 260 2 80
556 3 120 3 1645
557 0 0 0 0
558 0 0 0 0
559 0 0 0 0
560 0 0 0 0
561 1 68 2 104
562 141 13510 177 249667
563 234 9848 258 694371
564 187 12368 249 501441
565 52 2113 82 176481
566 0 0 0 0
567 0 0 0 0
568 0 0 0 0
569 0 0 0 0
570 0 0 0 0
571 0 0 0 0
572 0 0 0 0
573 0 0 0 0
574 0 0 0 0
575 0 0 0 0
576 0 0 0 0
577 0 0 0 0
578 0 0 0 0
579 0 0 0 0
580 0 0 0 0
581 0 0 0 0
582 0 0 0 0
583 0 0 0 0
584 0 0 0 0
585 16 914 9 514
586 23 3185 25 7170
587 23 3364 29 57807
588 118 5835 168 486040
589 93 7075 126 450986
590 217 15102 280 522511
591 111 4507 163 457542
592 263 16770 277 500537
593 202 8080 215 556565
594 199 7960 224 677936
595 175 7000 218 671904
596 171 6840 222 641656
597 142 5680 197 450097
598 10 722 9 782
599 0 0 0 0
600 0 0 0 0
601 0 0 0 0
602 0 0 0 0
603 0 0 0 0
604 0 0 0 0
605 0 0 0 0
606 0 0 0 0
607 0 0 0 0
608 0 0 0 0
609 0 0 0 0
610 0 0 0 0
611 0 0 0 0
612 0 0 0 0
613 0 0 0 0
614 2 119 2 119
615 0 0 0 0
616 0 0 0 0
617 0 0 0 0
618 0 0 0 0
619 0 0 0 0
620 34 3772 37 19706
621 180 13171 216 464629
622 212 9803 230 494941
623 205 11764 283 642625
624 2 80 0 0
625 0 0 0 0
626 1 72 1 72
627 0 0 0 0
628 0 0 0 0
629 0 0 0 0
630 0 0 0 0
631 0 0 0 0
632 0 0 0 0
633 0 0 0 0
634 8 921 8 40965
635 13 520 13 35636
636 0 0 0 0
637 0 0 0 0
638 0 0 0 0
639 0 0 0 0
640 0 0 0 0
641 0 0 0 0
642 0 0 0 0
643 0 0 0 0
644 0 0 0 0
645 0 0 0 0
646 0 0 0 0
647 0 0 0 0
648 0 0 0 0
649 0 0 0 0
650 128 12965 154 199150
651 191 8230 309 716750
652 208 13968 229 439896
653 84 3423 116 263933
654 0 0 0 0
655 0 0 0 0
656 0 0 0 0
657 0 0 0 0
658 0 0 0 0
659 3 384 3 152
660 9 915 9 13516
661 61 3635 88 198080
662 34 1360 55 155012
663 29 4310 30 11835
664 35 1400 59 135400
665 11 440 20 39309
666 0 0 0 0
667 0 0 0 0
668 32 1280 39 287526
669 45 1800 74 157896
670 43 1720 63 167592
671 75 3000 109 254864
672 56 2240 89 196144
673 61 2479 95 216656
674 61 2440 97 206639
675 52 2080 80 195784
676 57 2280 85 204672
677 57 2280 87 198960
678 52 2080 76 192728
679 179 7811 224 533491
680 199 10040 266 702990
681 189 8831 255 677047
682 215 14256 315 660425
683 187 8042 292 705910
684 184 11596 255 515241
685 67 3674 99 222064
686 0 0 0 0
687 0 0 0 0
688 0 0 0 0
689 1 72 1 72
690 0 0 0 0
691 0 0 0 0
692 0 0 0 0
693 0 0 0 0
694 0 0 0 0
695 0 0 0 0
696 0 0 0 0
697 0 0 0 0
698 0 0 0 0
699 0 0 0 0
700 0 0 0 0
701 0 0 0 0
702 0 0 0 0
703 0 0 0 0
704 0 0 0 0
705 0 0 0 0
706 51 5517 50 23733
707 168 11617 211 485608
708 124 6277 187 454193
709 207 12831 263 530185
710 35 1400 59 124805
711 1 68 2 104
712 0 0 0 0
713 7 1120 7 9019
714 9 912 10 2756
715 0 0 0 0
716 0 0 0 0
717 0 0 0 0
718 0 0 0 0
719 0 0 0 0
720 0 0 0 0
721 0 0 0 0
722 0 0 0 0
723 0 0 0 0
724 0 0 0 0
725 0 0 0 0
726 0 0 0 0
727 4 223 4 160
728 0 0 0 0
729 0 0 0 0
730 0 0 0 0
731 90 10818 101 93028
732 177 8212 279 582157
733 169 11362 239 505076
734 142 6263 202 449693
735 1 72 1 72
736 0 0 0 0
737 0 0 0 0
738 0 0 0 0
739 0 0 0 0
740 1 86 1 40
741 2 108 3 190
742 0 0 0 0
743 0 0 0 0
744 0 0 0 0
745 0 0 0 0
746 0 0 0 0
747 0 0 0 0
748 0 0 0 0
749 0 0 0 0
750 0 0 0 0
751 0 0 0 0
752 0 0 0 0
753 0 0 0 0
754 0 0 0 0
755 0 0 0 0
756 0 0 0 0
757 0 0 0 0
758 0 0 0 0
759 0 0 0 0
760 0 0 0 0
761 0 0 0 0
762 0 0 0 0
763 23 1456 22 1144
764 142 13029 200 373209
765 142 6168 220 578716
766 215 14327 274 494173
767 53 2120 70 171835
768 0 0 0 0
769 0 0 0 0
770 0 0 0 0
771 2 140 3 176
772 2 119 2 119
773 0 0 0 0
774 0 0 0 0
775 0 0 0 0
776 0 0 0 0
777 0 0 0 0
778 0 0 0 0
779 0 0 0 0
780 0 0 0 0
781 0 0 0 0
782 0 0 0 0
783 0 0 0 0
784 8 624 8 624
785 46 7336 38 14819
786 156 9581 478 653395
787 152 9422 466 633635
788 189 13090 559 752991
789 169 11922 470 628737
790 189 11547 430 643135
791 136 15774 379 413605
792 0 0 0 0
793 0 0 0 0
794 29 3741 29 3741
795 0 0 0 0
796 0 0 43 180312
797 0 0 0 0
798 106 12791 97 24973
799 199 14139 425 553509
800 280 26433 614 724973
801 208 13706 467 647936
802 186 12535 444 663804
803 208 12314 472 683511
804 189 12610 425 605847
805 191 10100 448 662955
806 177 9397 398 612491
807 236 13110 495 716182
808 228 12152 483 712598
809 190 12115 406 606653
810 188 10390 450 672121
811 159 8721 400 609689
812 183 11318 463 682205
813 173 10428 449 709345
814 158 8590 449 688104
815 182 10074 473 687597
816 167 9248 446 673454
817 206 11421 499 760581
818 167 9174 425 649127
819 175 10421 484 718860
820 142 8421 415 586945
821 161 9805 510 702315
822 142 8531 422 595690
823 141 8413 390 555225
824 128 7142 330 511693
825 128 7159 342 523060
826 95 5810 300 415603
827 124 7604 362 501370
828 106 6671 338 462964
829 101 6566 340 465520
830 122 6685 306 524660
831 168 9183 443 798027
832 251 13083 518 1325380
833 225 9154 282 676410
834 118 4720 134 293214
835 160 11608 184 291612
836 149 6173 211 539581
837 0 0 0 0
838 6 364 6 364
839 0 0 0 0
840 3 152 3 152
841 3 120 3 120
842 3 159 3 159
843 0 0 0 0
844 11 1199 11 6060
845 0 0 0 0
846 0 0 0 0
847 0 0 0 0
848 1 57 1 57
849 2 119 2 119
850 8 444 8 444
851 3 120 3 120
852 0 0 0 0
853 5 277 5 200
854 0 0 0 0
855 2 119 2 119
856 4 238 4 238
857 0 0 0 0
858 0 0 0 0
859 0 0 0 0
860 171 14941 222 302442
861 132 5863 177 537699
862 168 11128 186 386198
863 152 6649 172 395554
864 9 423 10 22465
865 0 0 0 0
866 1 72 1 72
867 2 119 2 119
868 2 119 2 119
869 0 0 0 0
870 2 80 2 80
871 4 199 4 199
872 0 0 0 0
873 3 159 3 159
874 2 119 2 119
875 0 0 0 0
876 0 0 0 0
877 0 0 0 0
878 1 57 1 57
879 2 119 2 119
880 4 199 4 199
881 0 0 0 0
882 2 80 2 80
883 1 40 1 40
884 0 0 0 0
885 34 3924 34 2079
886 196 13855 281 509563
887 165 8551 246 538626
888 184 10594 278 580420
889 0 0 0 0
890 2 80 2 80
891 4 255 6 327
892 6 318 6 318
893 2 97 2 97
894 3 183 4 199
895 0 0 0 0
896 1 72 1 72
897 2 119 2 119
898 2 119 2 119
899 0 0 0 0
900 2 80 2 80
901 0 0 0 0
902 6 371 5 315
903 3 159 3 159
904 4 199 4 199
905 0 0 0 0
906 0 0 0 0
907 4 160 4 160
908 1 57 1 57
909 5 311 4 251
910 27 2886 28 18828
911 77 10587 85 72984
912 251 11993 279 598351
913 93 6543 128 296542
914 41 4311 43 30005
915 170 11982 214 460521
916 85 4888 99 215400
917 0 0 0 0
918 11 1459 11 6232
919 215 10389 216 474820
920 91 5248 96 211099
921 182 12247 186 372957
922 55 3017 60 152499
923 89 5181 94 223373
924 160 9178 249 556590
925 223 17072 250 430363
926 143 7966 193 478177
927 130 6064 144 599518
928 241 10689 301 689767
929 172 6880 219 640088
930 102 4080 135 312591
931 73 2920 99 212472
932 78 3159 103 219911
933 81 3240 107 244648
934 92 3680 121 261136
935 141 15313 154 133561
936 119 4823 161 374937
937 185 7400 251 550144
938 146 5896 168 523712
939 61 2475 93 326624
940 166 9196 211 462485
941 233 14645 299 618422
942 132 5800 141 435950
943 7 280 7 23448
944 0 0 0 0
945 0 0 0 0
946 0 0 0 0
947 6 447 6 447
948 0 0 89 1183368
949 18 1746 14 1484
950 312 21321 311 1686191
951 322 16555 339 677536
952 374 19289 386 691288
953 179 7463 227 605673
954 134 5395 192 588328
955 91 3978 154 547965
956 115 4600 167 546869
957 150 6078 230 636262
958 92 3719 151 387982
959 0 0 0 0
960 0 0 0 0
961 4 284 4 199
962 5 200 2 165
963 11 732 11 732
964 2 119 2 119
965 0 0 0 0
966 0 0 0 0
967 4 284 4 199
968 3 137 3 222
969 4 238 4 238
970 2 119 2 119
971 0 0 0 0
972 0 0 0 0
973 7 404 7 319
974 2 80 2 165
975 4 238 4 238
976 2 119 2 119
977 0 0 0 0
978 1 72 1 72
979 10 773 10 684
980 2 80 2 165
981 33 2375 32 1542
982 145 12623 181 327821
983 159 6865 246 624295
984 175 12584 238 423960
985 73 3044 93 241351
986 2 80 2 165
987 0 0 0 0
988 0 0 0 0
989 0 0 0 0
990 0 0 0 0
991 4 284 4 199
992 2 80 2 165
993 2 80 2 80
994 0 0 0 0
995 0 0 0 0
996 0 0 0 0
997 4 284 4 199
998 3 137 3 222
999 0 0 0 0
1000 0 0 0 0
1001 0 0 0 0
1002 0 0 0 0
1003 6 364 6 279
1004 2 80 2 165
1005 0 0 0 0
1006 0 0 0 0
1007 30 3625 31 1929
1008 237 15419 252 508310
1009 100 4393 156 442907
1010 228 13738 324 649482
1011 11 710 17 20326
1012 0 0 0 0
1013 3 137 3 137
1014 0 0 0 0
1015 4 284 4 199
1016 3 159 3 205
1017 2 112 2 151
1018 0 0 0 0
1019 0 0 0 0
1020 0 0 0 0
1021 4 284 4 199
1022 17 1552 19 51525
1023 5 200 6 4743
1024 0 0 0 0
1025 0 0 0 0
1026 0 0 0 0
1027 3 198 3 159
1028 3 183 3 176
1029 1 40 1 86
1030 2 321 2 80
1031 6 324 6 15225
1032 0 0 0 0
1033 5 278 5 239
1034 1 40 1 79
1035 0 0 0 0
1036 1 86 1 40
1037 7 521 7 15311
1038 0 0 0 0
1039 3 198 3 159
1040 1 40 1 79
1041 2 136 4 208
1042 93 10872 103 82466
1043 186 8589 240 588889
1044 158 8242 197 482163
1045 185 10598 224 483271
1046 1 40 1 79
1047 0 0 0 0
1048 1 86 1 40
1049 1 40 1 86
1050 0 0 0 0
1051 3 198 3 159
1052 1 40 1 79
1053 2 80 2 80
1054 1 86 1 40
1055 2 112 2 158
1056 0 0 0 0
1057 3 198 3 159
1058 2 97 2 136
1059 0 0 0 0
1060 1 86 1 40
1061 1 40 1 86
1062 0 0 0 0
1063 7 877 6 304
1064 16 2562 19 11932
1065 1 40 1 79
1066 1 86 1 40
1067 1 40 1 86
1068 4 160 4 160
1069 0 0 0 0
1070 3 198 3 159
1071 3 176 5 287
1072 1 86 1 40
1073 2 97 2 143
1074 0 0 0 0
1075 38 4186 42 23064
1076 199 13974 227 426657
1077 116 4819 186 504448
1078 269 16206 289 599755
1079 22 880 33 65142
1080 0 0 0 0
1081 1 72 1 72
1082 3 198 3 159
1083 1 40 1 79
1084 1 86 1 40
1085 1 40 1 86
1086 0 0 0 0
1087 0 0 0 0
1088 4 255 4 216
1089 1 40 1 79
1090 1 86 1 40
1091 2 207 2 126
1092 5 994 5 5267
1093 2 80 3 5034
1094 16 718 16 38327
1095 26 1040 26 69135
1096 30 1200 30 77944
1097 26 1103 26 56859
1098 0 0 0 0
1099 0 0 0 0
1100 4 223 4 199
1101 2 136 4 208
1102 1 86 1 40
1103 2 97 2 143
1104 0 0 0 0
1105 0 0 0 0
1106 0 0 0 0
1107 54 7015 56 23931
1108 193 11261 289 586796
1109 123 6619 182 446588
1110 148 9013 224 498027
1111 19 792 28 81796
1112 0 0 0 0
1113 0 0 0 0
1114 1 86 1 40
1115 1 40 1 86
1116 0 0 0 0
1117 0 0 0 0
1118 1 57 1 57
1119 0 0 0 0
1120 1 86 1 40
1121 1 40 1 86
1122 2 119 2 119
1123 0 0 0 0
1124 0 0 0 0
1125 0 0 0 0
1126 1 86 1 40
1127 2 200 2 126
1128 3 120 3 3479
1129 4 223 4 160
1130 0 0 0 0
1131 2 136 4 208
1132 0 0 0 0
1133 3 205 2 102
1134 1 40 1 86
1135 0 0 0 0
1136 0 0 0 0
1137 6 412 4 292
1138 23 4886 25 11041
1139 12 917 15 7388
1140 1 40 1 86
1141 36 3991 39 13153
1142 161 12517 219 415492
1143 142 5680 224 535776
1144 286 17030 310 615012
1145 25 1046 25 50632
1146 0 0 0 0
1147 0 0 0 0
1148 1 57 1 56
1149 0 0 0 0
1150 0 0 0 0
1151 2 126 2 126
1152 0 0 0 0
1153 0 0 0 0
1154 0 0 0 0
1155 0 0 0 0
1156 2 100 1 44
1157 2 126 2 126
1158 0 0 0 0
1159 0 0 0 0
1160 0 0 0 0
1161 2 136 4 208
1162 1 72 1 72
1163 3 183 3 182
1164 2 319 2 80
1165 7 631 6 3075
1166 0 0 0 0
1167 0 0 0 0
1168 0 0 0 0
1169 106 11656 132 111435
1170 167 7812 264 618763
1171 138 7220 150 430301
1172 167 9764 195 461454
1173 0 0 0 0
1174 0 0 0 0
1175 2 126 2 126
1176 0 0 0 0
1177 0 0 0 0
1178 1 57 1 56
1179 1 73 0 0
1180 0 0 0 0
1181 2 126 2 126
1182 0 0 0 0
1183 0 0 0 0
1184 0 0 0 0
1185 0 0 0 0
1186 0 0 0 0
1187 2 126 2 126
1188 0 0 0 0
1189 0 0 0 0
1190 0 0 0 0
1191 2 136 4 208
1192 0 0 0 0
1193 3 183 3 182
1194 0 0 0 0
1195 0 0 0 0
1196 0 0 0 0
1197 49 5301 52 23677
1198 157 11248 235 482939
1199 0 0 0 0
1200 0 0 0 0
1201 0 0 0 0
1202 1 114 1 114
1203 0 0 63 676710
1204 0 0 0 0
1205 17 1706 14 1484
1206 274 23164 268 581190
1207 170 7398 190 432342
1208 75 7966 75 7719
1209 1 224 0 0
1210 0 0 0 0
1211 4 374 4 374
1212 13 1757 12 760
1213 12 1741 14 9240
1214 3 159 3 4802
1215 0 0 0 0
1216 0 0 0 0
1217 0 0 0 0
1218 9 477 6 357
1219 11 732 11 732
1220 20 2910 18 10071
1221 10 511 13 3873
1222 1 76 1 76
1223 3 176 3 175
1224 4 238 4 238
1225 4 238 4 238
1226 2 119 2 119
1227 0 0 0 0
1228 0 0 0 0
1229 5 239 5 239
1230 4 238 4 238
1231 4 238 4 238
1232 2 119 2 119
1233 2 142 2 142
1234 0 0 0 0
1235 6 474 5 418
1236 9 529 8 473
1237 4 238 4 238
1238 3 176 3 175
1239 83 10420 92 52581
1240 169 7892 195 548500
1241 218 10477 220 485906
1242 229 12670 253 545317
1243 0 0 0 0
1244 2 100 1 44
1245 0 0 0 0
1246 0 0 0 0
1247 4 238 4 238
1248 0 0 0 0
1249 2 80 2 80
1250 0 0 0 0
1251 2 136 4 208
1252 27 3057 25 7507
1253 188 12596 182 412299
1254 225 14013 311 658080
1255 230 12082 294 675196
1256 191 8062 267 646352
1257 179 9734 266 682533
1258 165 7632 248 678790
1259 160 8769 221 639586
1260 192 9694 247 687239
1261 217 9366 300 714226
1262 198 10326 280 660062
1263 231 13653 340 711340
1264 201 12245 289 632427
1265 235 10250 329 702854
1266 236 12305 324 693115
1267 257 14472 350 679964
1268 200 11506 269 593007
1269 234 10458 317 675536
1270 226 14431 325 686190
1271 280 16913 356 696078
1272 215 14964 312 676837
1273 235 11846 299 662308
1274 196 12777 250 624154
1275 213 13595 309 576097
1276 73 5474 86 112371
1277 84 6829 88 163840
1278 129 11276 160 334184
1279 309 20977 344 625590
1280 272 13467 290 666488
1281 286 21778 325 666447
1282 266 16518 303 668768
1283 242 15725 284 611439
1284 153 13741 160 475725
1285 255 14448 295 770509
1286 241 10247 285 655304
1287 247 14723 304 617037
1288 201 13317 265 580616
1289 177 9350 242 608500
1290 190 8448 212 519636
1291 216 9507 269 626396
1292 211 9193 272 660541
1293 220 10570 287 671799
1294 216 10042 269 659796
1295 192 7871 229 577068
1296 203 8657 271 642775
1297 141 6017 201 512287
1298 202 8592 245 744633
1299 259 15006 302 684871
1300 254 10160 287 674664
1301 230 9200 290 674784
1302 237 9480 273 647848
1303 200 8039 256 609280
1304 195 7881 254 621868
1305 179 7160 229 612976
1306 193 7720 255 636787
1307 208 8320 289 654472
1308 205 8242 298 673656
1309 216 9256 320 689340
1310 178 8217 264 657824
1311 172 14713 228 367919
1312 113 5079 130 359146
1313 78 3137 78 293052
1314 225 14187 228 397452
1315 97 3880 125 278393
1316 4 192 4 192
1317 2 80 2 80
1318 4 238 4 238
1319 2 80 2 80
1320 1 86 1 40
1321 2 119 2 126
1322 1 40 1 79
1323 5 263 5 263
1324 7 319 7 319
1325 2 80 2 80
1326 3 120 3 120
1327 2 80 2 80
1328 1 57 1 56
1329 0 0 0 0
1330 2 119 2 119
1331 10 730 10 699
1332 1 40 1 71
1333 0 0 0 0
1334 3 159 3 159
1335 6 318 6 318
1336 5 239 5 239
1337 2 80 2 80
1338 2 119 2 119
1339 0 0 0 0
1340 0 0 0 0
1341 3 204 6 312
1342 37 4092 39 2451
1343 162 12433 205 402584
1344 116 4640 186 547466
1345 183 12914 235 485657
1346 75 3032 82 179176
1347 2 80 2 80
1348 2 119 2 119
1349 0 0 0 0
1350 0 0 0 0
1351 2 119 2 119
1352 0 0 0 0
1353 0 0 0 0
1354 10 532 12 612
1355 4 222 6 302
1356 2 80 2 80
1357 2 119 2 119
1358 3 176 3 175
1359 0 0 0 0
1360 2 119 2 119
1361 0 0 0 0
1362 0 0 0 0
1363 2 119 2 119
1364 2 126 2 126
1365 0 0 0 0
1366 4 199 4 199
1367 0 0 0 0
1368 0 0 0 0
1369 52 5419 56 23848
1370 211 13557 280 596619
1371 211 10606 240 522301
1372 157 9127 221 489856
1373 1 57 1 56
1374 0 0 0 0
1375 0 0 0 0
1376 2 80 2 80
1377 2 119 2 119
1378 2 119 2 119
1379 0 0 0 0
1380 2 119 2 119
1381 0 0 0 0
1382 3 183 4 223
1383 0 0 0 0
1384 2 119 2 119
1385 4 223 4 160
1386 2 80 2 80
1387 0 0 0 0
1388 1 57 1 56
1389 0 0 0 0
1390 2 119 2 119
1391 5 295 5 232
1392 0 0 0 0
1393 2 119 2 119
1394 31 2371 30 1546
1395 189 14983 236 409673
1396 125 5113 187 542537
1397 203 12688 298 522352
1398 72 4345 94 151116
1399 0 0 0 0
1400 4 160 4 160
1401 3 204 6 312
1402 2 119 2 119
1403 1 57 1 56
1404 0 0 0 0
1405 1 73 0 0
1406 0 0 0 0
1407 0 0 0 0
1408 2 119 2 119
1409 0 0 0 0
1410 2 119 2 119
1411 0 0 0 0
1412 0 0 0 0
1413 0 0 2 80
1414 2 119 4 199
1415 0 0 1 40
1416 2 119 2 119
1417 2 119 3 159
1418 1 57 1 56
1419 5 263 5 263
1420 2 119 2 119
1421 0 0 1 40
1422 3 183 4 223
1423 2 126 2 126
1424 0 0 0 0
1425 0 0 0 0
1426 2 119 2 119
1427 0 0 0 0
1428 11 966 11 3328
1429 119 13384 150 142492
1430 182 8758 271 590190
1431 116 6120 174 405918
1432 263 15485 320 655861
1433 121 7352 168 310857
1434 102 4856 137 295491
1435 104 7060 178 467290
1436 0 0 0 0
1437 0 0 0 0
1438 0 0 0 0
1439 3 636 3 636
1440 0 0 30 386634
1441 0 0 0 0
1442 18 1948 14 1484
1443 233 15155 238 968451
1444 175 11356 225 587506
1445 196 9488 300 700634
1446 128 5430 180 566128
1447 146 5875 235 645072
1448 154 6756 229 587351
1449 90 3600 108 370820
1450 99 3999 127 572735
1451 38 1520 48 134794
1452 0 0 0 0
1453 0 0 0 0
1454 21 1268 20 1140
1455 4 160 1 79
1456 9 613 9 613
1457 129 13044 146 197574
1458 172 7368 241 586508
1459 134 10054 173 346697
1460 184 8788 208 493312
1461 6 324 6 312
1462 2 119 2 119
1463 1 57 1 56
1464 0 0 0 0
1465 0 0 0 0
1466 11 642 11 642
1467 0 0 0 0
1468 5 302 5 239
1469 1 40 1 40
1470 0 0 0 0
1471 0 0 0 0
1472 10 745 10 745
1473 0 0 0 0
1474 2 119 2 119
1475 0 0 0 0
1476 5 277 5 200
1477 1 40 2 80
1478 5 302 5 301
1479 0 0 0 0
1480 2 119 2 119
1481 3 197 3 120
1482 1 40 1 40
1483 0 0 0 0
1484 2 119 2 119
1485 0 0 0 0
1486 4 199 4 199
1487 90 10693 104 100237
1488 178 8252 285 676586
1489 164 11450 223 474755
1490 119 4799 157 370440
1491 3 204 6 312
1492 2 119 2 119
1493 1 57 1 56
1494 0 0 0 0
1495 0 0 0 0
1496 4 199 4 199
1497 0 0 0 0
1498 2 119 2 119
1499 0 0 0 0
1500 0 0 0 0
1501 0 0 0 0
1502 2 119 2 119
1503 0 0 0 0
1504 7 565 7 565
1505 0 0 0 0
1506 2 80 2 80
1507 0 0 0 0
1508 3 176 3 175
1509 2 119 2 119
1510 2 119 2 119
1511 0 0 0 0
1512 0 0 0 0
1513 0 0 0 0
1514 2 119 2 119
1515 0 0 0 0
1516 4 199 4 199
1517 0 0 0 0
1518 0 0 0 0
1519 0 0 0 0
1520 32 3729 33 2048
1521 163 12539 210 398406
1522 167 7369 236 556925
1523 237 14579 333 662861
1524 0 0 0 0
1525 1 73 0 0
1526 4 199 4 199
1527 0 0 0 0
1528 2 119 2 119
1529 0 0 0 0
1530 0 0 0 0
1531 0 0 0 0
1532 2 119 2 119
1533 0 0 0 0
1534 2 119 2 119
1535 0 0 0 0
1536 2 80 2 80
1537 0 0 0 0
1538 3 176 3 175
1539 0 0 0 0
1540 2 119 2 119
1541 0 0 1 40
1542 1 72 1 72
1543 0 0 0 0
1544 2 119 2 119
1545 0 0 0 0
1546 5 271 5 271
1547 0 0 0 0
1548 0 0 0 0
1549 36 3903 34 1791
1550 19 2581 26 21776
1551 33 4211 34 10026
1552 35 5594 36 24903
1553 27 1278 26 30052
1554 81 3947 85 146186
1555 133 5985 139 302344
1556 198 9196 196 459187
1557 204 14403 210 378166
1558 102 4261 135 303519
1559 40 2976 42 57665
1560 4 160 4 160
1561 0 0 0 0
1562 0 0 0 0
1563 2 119 2 119
1564 0 0 0 0
1565 0 0 0 0
1566 4 812 4 1537
1567 2 80 0 0
1568 6 454 6 454
1569 1 57 1 56
1570 0 0 0 0
1571 5 1067 6 864
1572 73 7258 91 197062
1573 2 100 1 44
1574 2 190 2 290
1575 0 0 0 0
1576 0 0 0 0
1577 1 72 1 72
1578 2 80 2 80
1579 0 0 0 0
1580 4 234 4 230
1581 2 136 4 208
1582 0 0 0 0
1583 0 0 0 0
1584 1 57 1 56
1585 0 0 0 0
1586 19 1203 18 891
1587 142 13513 190 317016
1588 180 7688 288 648045
1589 212 14208 285 528079
1590 42 1680 70 138356
1591 0 0 0 0
1592 2 119 2 119
1593 0 0 0 0
1594 0 0 0 0
1595 2 169 2 169
1596 0 0 0 0
1597 0 0 0 0
1598 8 380 5 212
1599 3 176 3 175
1600 0 0 0 0
1601 0 0 0 0
1602 0 0 0 0
1603 12 3042 13 16132
1604 17 2014 17 20283
1605 0 0 0 0
1606 0 0 0 0
1607 0 0 0 0
1608 2 80 2 80
1609 0 0 0 0
1610 2 119 2 119
1611 2 136 4 208
1612 0 0 0 0
1613 1 40 0 0
1614 2 97 2 96
1615 55 5748 58 25959
1616 214 13422 248 546284
1617 178 8904 177 452517
1618 241 13084 272 602474
1619 0 0 0 0
1620 0 0 0 0
1621 0 0 0 0
1622 3 191 3 191
1623 0 0 0 0
1624 0 0 0 0
1625 1 40 1 40
1626 0 0 0 0
1627 4 222 6 302
1628 2 119 2 119
1629 1 57 1 56
1630 0 0 0 0
1631 0 0 0 0
1632 0 0 0 0
1633 0 0 0 0
1634 2 119 2 119
1635 1 40 1 40
1636 0 0 0 0
1637 0 0 0 0
1638 0 0 0 0
1639 0 0 0 0
1640 2 119 2 119
1641 119 12605 138 172846
1642 189 8122 271 647150
1643 191 13365 253 484826
1644 97 3897 158 315435
1645 2 113 1 40
1646 2 119 2 119
1647 0 0 0 0
1648 0 0 0 0
1649 0 0 0 0
1650 0 0 0 0
1651 0 0 0 0
1652 2 119 2 119
1653 0 0 0 0
1654 0 0 0 0
1655 1 40 1 40
1656 0 0 0 0
1657 0 0 0 0
1658 3 191 3 191
1659 1 57 1 56
1660 0 0 0 0
1661 0 0 0 0
1662 0 0 0 0
1663 2 119 2 119
1664 2 119 2 119
1665 1 40 1 40
1666 15 2176 16 2261
1667 0 0 0 0
1668 0 0 0 0
1669 2 119 3 159
1670 0 0 0 0
1671 2 136 4 208
1672 0 0 0 0
1673 2 111 3 151
1674 35 3970 36 2277
1675 179 13021 229 459598
1676 146 5840 150 490265
1677 175 12203 229 438232
1678 62 2480 103 232060
1679 5 263 5 263
1680 0 0 0 0
1681 2 119 2 119
1682 0 0 0 0
1683 0 0 0 0
1684 0 0 0 0
1685 0 0 0 0
1686 0 0 0 0
1687 2 119 2 119
1688 0 0 0 0
1689 2 119 1 61
1690 0 0 0 0
1691 0 0 0 0
1692 0 0 0 0
1693 8 916 8 30908
1694 3 1170 3 330
1695 75 6762 93 199901
1696 79 8338 95 111497
1697 105 4716 159 409502
1698 71 3659 97 241141
1699 0 0 0 0
1700 0 0 0 0
1701 4 244 6 312
1702 0 0 0 0
1703 7 280 12 25054
1704 5 256 5 4125
1705 24 2653 25 18573
1706 6 417 6 4823
1707 12 1091 16 21903
1708 60 7832 64 27738
1709 191 10570 237 532747
1710 138 6654 204 482411
1711 151 8102 204 485946
1712 240 12853 332 687863
1713 97 5909 117 237282
1714 105 4942 134 338577
1715 104 6137 135 330287
1716 2 119 2 119
1717 0 0 0 0
1718 0 0 0 0
1719 1 57 1 56
1720 0 0 0 0
1721 2 119 2 119
1722 2 119 2 119
1723 0 0 0 0
1724 5 263 5 263
1725 0 0 0 0
1726 0 0 0 0
1727 0 0 0 0
1728 2 119 2 119
1729 0 0 0 0
1730 0 0 0 0
1731 4 244 6 312
1732 0 0 0 0
1733 3 227 3 227
1734 24 3173 26 13591
1735 3 191 3 191
1736 0 0 0 0
1737 0 0 0 0
1738 31 2195 30 1883
1739 97 11454 118 179234
1740 145 6362 168 434517
1741 171 8276 186 439156
1742 207 12799 273 578867
1743 0 0 0 0
1744 0 0 0 0
1745 0 0 0 0
1746 0 0 0 0
1747 8 1392 8 1702
1748 2 80 2 1432
1749 1 57 1 56
1750 0 0 0 0
1751 0 0 0 0
1752 5 795 4 222
1753 20 3524 21 19455
1754 42 2295 59 121932
1755 84 9965 87 77860
1756 213 9400 253 598153
1757 44 2010 47 111110
1758 148 8851 194 407619
1759 219 10949 289 655204
1760 192 9906 270 682711
1761 208 8404 293 680768
1762 208 8320 271 609739
1763 181 7240 231 647808
1764 225 16385 293 553685
1765 165 7765 258 649434
1766 130 7539 187 401319
1767 166 9528 215 496884
1768 0 0 0 0
1769 0 0 0 0
1770 0 0 0 0
1771 0 0 0 0
1772 2 119 2 119
1773 1 72 1 72
1774 2 119 2 119
1775 0 0 0 0
1776 0 0 0 0
1777 0 0 0 0
1778 2 119 2 119
1779 1 57 1 56
1780 0 0 0 0
1781 0 0 0 0
1782 0 0 0 0
1783 0 0 0 0
1784 2 119 2 119
1785 0 0 0 0
1786 1 72 1 72
1787 0 0 0 0
1788 0 0 0 0
1789 0 0 0 0
1790 11 833 10 773
1791 45 5153 45 7301
1792 17 3020 20 6840
1793 52 5847 57 35928
1794 59 4700 71 133522
1795 93 4778 101 193115
1796 65 2713 68 151938
1797 27 1080 29 72151
1798 81 3339 83 187558
1799 75 3391 74 151895
1800 203 13645 216 324244
1801 275 21175 288 518638
1802 298 18093 305 649564
1803 58 2778 88 182867
1804 11 965 16 32912
1805 4 160 4 10296
1806 11 650 11 20476
1807 13 793 13 17933
1808 11 755 15 36615
1809 16 1117 17 40295
1810 12 795 18 45449
1811 12 807 13 28107
1812 12 684 12 17475
1813 33 3196 33 44194
1814 165 21245 203 204446
1815 185 19472 219 252005
1816 344 32246 451 596677
1817 181 7866 278 611932
1818 20 1314 24 46372
1819 33 1402 43 99348
1820 51 5529 54 83560
1821 12 2187 17 1036
1822 2 100 2 118
1823 5 239 5 239
1824 2 97 2 96
1825 0 0 0 0
1826 5 200 0 0
1827 10 516 11 556
1828 0 0 0 0
1829 0 0 0 0
1830 56 7058 59 29974
1831 194 11181 271 593099
1832 188 10285 262 513817
1833 214 11061 234 497944
1834 1 40 1 40
1835 0 0 0 0
1836 0 0 0 0
1837 5 200 5 200
1838 0 0 0 0
1839 3 176 3 175
1840 0 0 0 0
1841 2 220 2 1034
1842 1 40 1 40
1843 3 120 3 120
1844 1 40 1 40
1845 2 119 2 119
1846 3 183 4 223
1847 8 383 9 423
1848 0 0 0 0
1849 0 0 0 0
1850 0 0 0 0
1851 5 323 8 431
1852 3 166 3 166
1853 3 120 3 120
1854 2 97 2 96
1855 15 2317 14 2883
1856 2 119 2 119
1857 5 200 5 200
1858 0 0 0 0
1859 0 0 0 0
1860 6 412 6 1353
1861 3 251 3 1187
1862 5 379 5 1193
1863 155 14201 194 278214
1864 132 5768 201 652259
1865 141 10520 187 384741
1866 86 3440 111 303905
1867 5 200 5 200
1868 2 119 2 119
1869 1 57 1 56
1870 0 0 0 0
1871 0 0 0 0
1872 5 270 6 310
1873 3 120 3 120
1874 2 119 2 119
1875 15 858 15 858
1876 3 183 4 184
1877 6 240 6 279
1878 8 483 10 559
1879 4 238 4 238
1880 4 234 4 230
1881 5 323 8 431
1882 8 523 8 1336
1883 2 80 2 80
1884 4 240 5 279
1885 4 256 3 120
1886 3 159 3 159
1887 5 200 5 200
1888 0 0 0 0
1889 0 0 0 0
1890 30 3612 31 1929
1891 178 12942 243 479124
1892 133 5485 213 483151
1893 242 14563 258 558944
1894 34 1360 48 104619
1895 0 0 0 0
1896 0 0 0 0
1897 5 200 5 200
1898 3 191 3 191
1899 1 57 1 56
1900 0 0 0 0
1901 0 0 0 0
1902 2 220 2 80
1903 3 120 3 1073
1904 6 356 6 279
1905 0 0 0 0
1906 14 1860 14 2649
1907 5 200 5 200
1908 0 0 0 0
1909 0 0 0 0
1910 2 119 2 119
1911 3 204 6 312
1912 1 40 1 40
1913 8 1817 7 1749
1914 53 6871 53 22328
1915 4 387 4 6678
1916 3 120 3 159
1917 102 6244 103 240044
1918 259 17224 249 413474
1919 235 21914 277 411910
1920 136 11313 163 298685
1921 132 5613 171 518482
1922 46 2000 53 126992
1923 126 7687 131 225142
1924 170 10426 201 450620
1925 35 4065 38 19492
1926 1 396 1 40
1927 39 4806 37 8919
1928 166 9552 240 609033
1929 201 8531 289 655674
1930 102 9238 144 400247
1931 108 7950 158 409391
1932 36 3619 39 13912
1933 10 2085 10 1382
1934 72 3508 72 211114
1935 73 2920 73 199548
1936 13 2810 14 852
1937 11 2634 12 2344
1938 1 40 0 0
1939 1 40 1 40
1940 0 0 0 0
1941 4 511 7 352
1942 8 483 8 26281
1943 61 2932 64 154058
1944 138 9157 186 467015
1945 107 4908 142 384397
1946 176 7040 257 630522
1947 82 5466 122 338170
1948 2 80 2 767
1949 1 40 1 40
1950 0 0 0 0
1951 0 0 0 0
1952 123 12827 142 162063
1953 180 7978 233 615955
1954 197 12923 220 419024
1955 155 8137 184 422787
1956 0 0 0 0
1957 1 117 1 40
1958 68 2720 109 290387
1959 2 97 2 96
1960 0 0 0 0
1961 0 0 0 0
1962 2 108 2 104
1963 0 0 0 0
1964 0 0 0 0
1965 3 260 3 120
1966 1 40 1 994
1967 2 393 2 2796
1968 39 1637 56 164047
1969 1 40 1 40
1970 0 0 0 0
1971 3 204 6 312
1972 8 446 8 320
1973 2 119 2 119
1974 3 191 2 133
1975 2 80 2 80
1976 2 119 2 119
1977 93 3797 140 442144
1978 19 799 31 82583
1979 1 40 1 40
1980 1 134 1 40
1981 1 40 1 1075
1982 0 0 0 0
1983 0 0 0 0
1984 35 3958 37 13074
1985 164 12473 209 448075
1986 100 4140 135 500731
1987 212 13669 290 559388
1988 36 1503 51 115823
1989 2 97 2 96
1990 2 119 2 119
1991 0 0 0 0
1992 0 0 0 0
1993 0 0 0 0
1994 0 0 0 0
1995 2 80 2 80
1996 0 0 0 0
1997 0 0 0 0
1998 0 0 0 0
1999 1 40 1 40
2000 0 0 0 0
2001 7 706 11 3958
2002 0 0 0 0
2003 0 0 0 0
2004 5 650 5 2015
2005 5 272 4 199
2006 4 339 4 1153
2007 16 3219 19 8287
2008 1 72 1 72
2009 2 549 2 80
2010 2 248 2 193
2011 0 0 0 0
2012 36 1643 39 109205
2013 0 0 0 0
2014 35 4288 37 8121
2015 168 12397 197 393098
2016 231 14477 290 648221
2017 92 3680 122 326279
2018 16 1448 16 4183
2019 227 16538 313 631967
2020 16 640 16 31706
2021 0 0 0 0
2022 0 0 0 0
2023 0 0 0 0
2024 4 2113 4 195
2025 3 120 3 673
2026 1 180 1 40
2027 1 40 1 994
2028 0 0 0 0
2029 5 200 5 200
2030 0 0 0 0
2031 22 2369 28 20377
2032 0 0 0 0
2033 129 6847 206 447833
2034 6 296 5 10186
2035 0 0 1 56
2036 4 238 4 238
2037 0 0 0 0
2038 0 0 0 0
2039 1 40 1 40
2040 0 0 0 0
2041 2 174 2 1115
2042 10 722 9 782
2043 8 1847 8 404
2044 4 1582 6 408
2045 140 13573 164 223889
2046 138 6008 157 515091
2047 117 6918 154 384830
2048 152 9234 219 503038
2049 0 0 0 0
2050 1 57 1 56
2051 0 0 0 0
2052 0 0 0 0
2053 0 0 0 0
2054 0 0 0 0
2055 0 0 0 0
2056 0 0 0 0
2057 0 0 0 0
2058 0 0 0 0
2059 0 0 0 0
2060 2 119 2 119
2061 3 204 6 312
2062 0 0 0 0
2063 0 0 0 0
2064 0 0 0 0
2065 1 57 1 56
2066 2 119 2 119
2067 2 220 2 1034
2068 0 0 0 0
2069 0 0 0 0
2070 0 0 0 0
2071 2 119 2 119
2072 0 0 0 0
2073 0 0 0 0
2074 0 0 0 0
2075 0 0 0 0
2076 0 0 0 0
2077 0 0 20 110864
2078 28 1891 13 29428
2079 0 0 0 0
2080 91 10765 109 100465
2081 239 10692 294 664149
2082 166 11062 186 420065
2083 154 6677 211 433941
2084 4 223 4 160
2085 1 72 1 72
2086 0 0 0 0
2087 2 220 2 1034
2088 0 0 0 0
2089 0 0 0 0
2090 4 223 4 184
2091 6 324 6 312
2092 3 191 3 191
2093 0 0 0 0
2094 0 0 0 0
2095 3 176 3 175
2096 0 0 0 0
2097 0 0 0 0
2098 0 0 0 0
2099 0 0 0 0
2100 2 217 2 1115
2101 2 174 2 1115
2102 4 223 4 160
2103 2 119 2 119
2104 0 0 0 0
2105 2 207 3 144
2106 1 40 1 1075
2107 24 2021 23 1056
2108 145 14370 194 319290
2109 152 10960 204 426345
2110 148 8703 211 435714
2111 165 9721 228 505612
2112 0 0 0 0
2113 0 0 0 0
2114 0 0 0 0
2115 0 0 0 0
2116 0 0 0 0
2117 0 0 0 0
2118 2 119 2 119
2119 0 0 0 0
2120 0 0 0 0
2121 5 284 6 312
2122 1 72 1 72
2123 0 0 0 0
2124 0 0 0 0
2125 2 130 1 56
2126 0 0 0 0
2127 0 0 0 0
2128 2 220 2 1033
2129 2 119 2 119
2130 0 0 0 0
2131 0 0 0 0
2132 0 0 0 0
2133 0 0 0 0
2134 0 0 0 0
2135 0 0 0 0
2136 6 357 6 357
2137 0 0 0 0
2138 0 0 0 0
2139 93 10951 107 106097
2140 214 9709 267 625037
2141 57 2319 98 232782
2142 240 14714 247 495702
2143 36 1440 41 167434
2144 1 68 2 104
2145 63 21151 82 75386
2146 101 16672 183 157906
2147 15 2459 17 7550
2148 12 3224 14 4922
2149 17 7293 33 28586
2150 34 13615 51 42756
2151 139 17316 237 272847
2152 127 19411 219 197237
2153 27 8530 25 11711
2154 82 20282 114 89728
2155 32 14161 48 24757
2156 43 13503 52 17382
2157 92 12897 191 225888
2158 47 4753 153 182671
2159 8 4136 6 432
2160 0 0 0 0
2161 2 174 2 1114
2162 4 160 0 0
2163 4 160 4 160
2164 0 0 0 0
2165 74 7463 154 161027
2166 94 10699 113 161361
2167 232 10412 264 635008
2168 137 7578 137 256702
2169 204 11478 225 536522
2170 21 2094 22 39815
2171 14 2330 13 4779
2172 6 303 7 1150
2173 4 160 4 160
2174 0 0 0 0
2175 0 0 0 0
2176 15 1905 15 1860
2177 0 0 0 0
2178 0 0 0 0
2179 0 0 0 0
2180 1 75 2 111
2181 4 276 7 384
2182 0 0 0 0
2183 8 383 8 344
2184 0 0 0 0
2185 2 125 3 160
2186 0 0 0 0
2187 0 0 0 0
2188 0 0 0 0
2189 6 443 6 1217
2190 6 1540 7 407
2191 0 0 0 0
2192 0 0 0 0
2193 4 160 4 160
2194 0 0 0 0
2195 8 1659 9 526
2196 0 0 0 0
2197 0 0 0 0
2198 0 0 0 0
2199 0 0 0 0
2200 1 57 1 56
2201 0 0 0 0
2202 86 10670 95 67338
2203 191 12082 342 663213
2204 154 18710 157 378089
2205 211 14920 349 579484
2206 215 18659 321 671857
2207 136 5440 213 577754
2208 52 3719 84 202759
2209 60 12489 104 95402
2210 87 8737 319 435263
2211 180 12958 536 717264
2212 89 12645 233 284601
2213 169 15556 524 698161
2214 164 13523 521 696745
2215 139 9579 454 619032
2216 177 14552 553 760677
2217 180 10966 588 811723
2218 148 10088 472 646882
2219 169 10297 577 796471
2220 133 9154 439 602004
2221 20 1509 57 73008
2222 0 0 0 0
2223 6 2050 4 160
2224 20 1474 55 68052
2225 0 0 0 0
2226 6 417 6 1352
2227 1 72 1 72
2228 1 40 1 40
2229 11 706 12 1559
2230 1 57 1 56
2231 8 1525 31 40372
2232 73 4456 238 329354
2233 6 2052 4 160
2234 3 210 7 455
2235 1 40 0 0
2236 35 3818 38 17470
2237 232 15212 276 524829
2238 111 5536 157 424843
2239 261 15239 348 658676
2240 0 0 0 0
2241 3 204 6 312
2242 0 0 0 0
2243 4 160 4 160
2244 4 3602 2 120
2245 4 259 6 3313
2246 0 0 0 0
2247 0 0 0 0
2248 5 263 5 200
2249 4 328 5 1177
2250 0 0 0 0
2251 75 5006 232 313354
2252 19 1534 50 60299
2253 9 2358 9 498
2254 0 0 0 0
2255 0 0 0 0
2256 0 0 0 0
2257 0 0 0 0
2258 110 7791 362 496134
2259 160 9750 541 746611
2260 164 11050 527 721480
2261 0 0 0 0
2262 6 357 6 357
2263 5 232 5 232
2264 0 0 0 0
2265 0 0 0 0
2266 0 0 0 0
2267 114 11802 133 103491
2268 177 10379 293 518266
2269 191 10036 473 740216
2270 172 9162 401 631929
2271 187 9834 445 679232
2272 142 9227 383 493768
2273 177 11080 227 548527
2274 24 960 40 99066
2275 2 119 1 61
2276 21 1526 64 86798
2277 0 0 0 0
2278 1 40 1 40
2279 29 2847 85 113818
2280 126 7753 429 594165
2281 177 11162 526 727165
2282 50 4062 149 202493
2283 0 0 0 0
2284 92 6699 308 422693
2285 127 7757 399 547292
2286 148 10128 501 689165
2287 18 1100 48 64831
2288 1 40 1 40
2289 1 40 1 40
2290 3 277 3 1089
2291 0 0 0 0
2292 2 122 2 122
2293 8 4185 10 3199
2294 2 119 2 119
2295 50 4149 158 214951
2296 160 9763 524 725740
2297 162 9887 511 707735
2298 81 4922 234 320579
2299 1 40 1 40
2300 0 0 0 0
2301 101 7283 333 449329
2302 157 9591 507 700882
2303 173 12249 460 593088
2304 129 10489 173 360286
2305 201 10403 384 732054
2306 168 10438 517 708155
2307 238 18483 523 683769
2308 196 9793 364 608766
2309 76 3040 89 219370
2310 1 180 1 40
2311 107 7608 338 463860
2312 162 9887 538 743801
2313 171 11466 534 735623
2314 27 1521 74 114209
2315 0 0 0 0
2316 63 4882 158 200140
2317 157 9786 530 731392
2318 171 10756 555 767330
2319 2 103 4 2137
2320 1 57 1 56
2321 68 5389 217 295329
2322 170 10394 519 708924
2323 163 10252 474 653800
2324 11 673 32 41702
2325 0 0 0 0
2326 0 0 0 0
2327 105 7716 339 465637
2328 177 11161 546 756210
2329 158 10996 505 696036
2330 37 2326 107 144966
2331 45 4576 51 24368
2332 166 11969 190 353011
2333 217 16218 476 686912
2334 172 9278 387 607085
2335 190 10244 459 726452
2336 84 5367 209 287997
2337 240 14655 244 477040
2338 92 5767 189 370610
2339 166 10464 535 739646
2340 185 11669 574 791019
2341 25 1577 82 111632
2342 14 1541 13 2542
2343 135 9605 428 588901
2344 164 10337 536 741031
2345 88 5549 284 392824
2346 2 179 2 1114
2347 4 223 4 160
2348 6 1476 22 27921
2349 159 10021 516 714660
2350 157 9891 514 710561
2351 124 8948 375 514320
2352 0 0 0 0
2353 0 0 0 0
2354 51 4314 158 214952
2355 164 10335 534 739590
2356 157 9893 515 713275
2357 19 1197 51 69477
2358 0 0 0 0
2359 130 9290 434 595883
2360 138 8698 480 663471
2361 170 12468 506 655700
2362 166 14925 382 497092
2363 151 7172 185 423251
2364 108 4348 166 432644
2365 199 14211 508 673543
2366 217 15137 477 660491
2367 175 10466 414 631824
2368 180 9180 404 645703
2369 8 320 13 23408
2370 0 0 0 0
2371 124 10249 372 487016
2372 172 14090 535 736998
2373 129 9073 395 527320
2374 0 0 0 0
2375 90 6770 317 436496
2376 146 9204 480 663471
2377 144 10114 482 660544
2378 43 2719 138 187248
2379 0 0 0 0
2380 5 1407 12 12742
2381 157 9900 527 728566
2382 161 10149 515 711946
2383 50 3124 157 211025
2384 0 0 0 0
2385 0 0 0 0
2386 0 0 0 0
2387 0 0 0 0
2388 0 0 0 0
2389 9 1256 9 1256
2390 52 5421 113 127602
2391 154 13968 414 592939
2392 106 4856 118 427590
2393 117 8035 273 536488
2394 185 10718 474 706805
2395 190 12112 503 723814
2396 227 15698 475 674940
2397 200 9132 295 599785
2398 210 9715 324 675494
2399 150 9733 444 643172
2400 194 12149 564 771458
2401 227 15270 508 740424
2402 188 16250 392 554336
2403 188 10375 457 695079
2404 181 9864 475 710248
2405 108 6805 343 473539
2406 1 139 1 40
2407 1 40 1 1074
2408 129 9203 427 588846
2409 179 11258 546 752209
2410 112 8079 345 473481
2411 54 3402 161 220415
2412 61 7667 181 242413
2413 176 11779 565 774162
2414 165 10401 499 689787
2415 5 315 16 21367
2416 0 0 0 0
2417 0 0 0 0
2418 98 7280 314 431013
2419 153 9603 508 698240
2420 137 9674 455 623819
2421 44 2788 137 178266
2422 1 40 1 40
2423 0 0 0 0
2424 89 6750 344 472565
2425 109 6931 442 609512
2426 117 7416 414 571229
2427 0 0 0 0
2428 101 9228 236 278064
2429 210 16815 573 746240
2430 201 11635 480 708477
2431 229 12407 391 678649
2432 156 6380 156 391217
2433 86 5728 110 218429
2434 176 13607 386 607669
2435 143 7978 402 603077
2436 145 8427 402 584897
2437 73 4603 226 311036
2438 2 136 2 136
2439 25 4735 57 62604
2440 162 10189 507 698208
2441 159 10022 520 718871
2442 122 8696 356 486449
2443 0 0 0 0
2444 96 7150 293 401940
2445 156 9859 525 725796
2446 164 10395 531 734106
2447 18 1134 53 72866
2448 0 0 0 0
2449 1 1156 0 0
2450 137 8623 439 600139
2451 161 10172 508 692940
2452 162 14009 484 662725
2453 4 305 9 3714
2454 0 0 0 0
2455 33 3173 100 134635
2456 162 10217 523 723026
2457 156 9834 498 688401
2458 155 10809 527 722707
2459 0 0 0 0
2460 1 40 1 40
2461 83 6330 277 381109
2462 178 11274 502 659267
2463 199 14318 574 767728
2464 182 13538 352 589575
2465 142 7451 243 587568
2466 161 10325 521 716353
2467 254 16412 548 745714
2468 218 15542 488 669053
2469 212 10394 367 637002
2470 106 7406 300 436800
2471 133 8385 465 642696
2472 158 9937 502 692596
2473 177 12290 540 742279
2474 5 316 18 22619
2475 1 1155 0 0
2476 122 7700 453 622212
2477 169 10658 549 753718
2478 183 11533 552 761866
2479 81 6205 277 378496
2480 173 10894 551 759131
2481 123 8868 390 526738
2482 154 9690 515 710603
2483 185 11712 559 772888
2484 104 6608 366 504334
2485 2 130 1 56
2486 96 7152 295 403384
2487 154 9707 504 696713
2488 151 9520 532 735493
2489 134 9496 410 560914
2490 4 1346 5 381
2491 162 10189 479 660777
2492 164 10315 521 718913
2493 161 14620 494 669446
2494 149 9394 505 694117
2495 144 9105 475 656548
2496 37 2359 137 187183
2497 64 5133 214 293853
2498 166 10465 532 734166
2499 165 10403 533 736878
2500 157 10911 514 697437
2501 15 944 48 65255
2502 88 10755 96 50481
2503 179 8292 245 535117
2504 196 11797 476 751970
2505 159 9031 427 667191
2506 174 10920 528 728155
2507 85 5592 112 225948
2508 175 12729 319 563671
2509 180 10632 490 711324
2510 162 10189 541 746613
2511 37 2351 118 154593
2512 0 0 0 0
2513 2 220 2 1033
2514 134 9501 414 565497
2515 165 10393 528 731280
2516 99 6241 308 423131
2517 0 0 0 0
2518 0 0 0 0
2519 10 1730 38 50099
2520 159 10024 525 724471
2521 156 9833 529 732665
2522 124 8857 393 540096
2523 2 174 2 1114
2524 0 0 0 0
2525 79 6080 258 353471
2526 165 10407 477 657991
2527 166 10526 506 695316
2528 0 0 0 0
2529 10 1731 31 40403
2530 171 10778 547 756268
2531 169 10647 548 756324
2532 29 1829 93 128516
2533 12 4646 13 3457
2534 1 40 1 993
2535 65 5198 213 291146
2536 164 10340 487 670514
2537 169 10653 543 749797
2538 88 10758 96 45748
2539 155 7332 241 542587
2540 78 3120 126 374912
2541 159 12796 338 450614
2542 224 15561 509 700287
2543 216 11996 502 760759
2544 200 11578 414 665124
2545 4 160 5 9701
2546 37 3428 99 133254
2547 159 10023 509 704965
2548 182 11473 562 778370
2549 17 1071 69 94816
2550 0 0 0 0
2551 113 8224 367 504436
2552 172 10967 543 746889
2553 178 12261 551 755788
2554 3 284 2 1033
2555 0 0 0 0
2556 35 3309 126 170651
2557 166 10465 561 775658
2558 163 10275 536 737284
2559 0 0 0 0
2560 0 0 0 0
2561 2 119 1 61
2562 39 3561 119 162283
2563 162 10213 508 700926
2564 180 11349 562 777043
2565 18 1145 50 67486
2566 0 0 0 0
2567 136 9673 442 605657
2568 178 11220 573 790951
2569 116 8352 366 503643
2570 0 0 0 0
2571 3 204 6 312
2572 27 6058 62 82016
2573 151 9594 489 667575
2574 162 10306 502 690879
2575 62 3908 198 274021
2576 24 1513 23 1200
2577 78 9819 100 96865
2578 193 10736 297 577878
2579 177 9615 450 708464
2580 203 10931 468 739180
2581 186 12004 515 723269
2582 184 12652 297 567674
2583 195 12626 439 670222
2584 180 11344 514 709236
2585 131 8257 425 587228
2586 0 0 0 0
2587 0 0 0 0
2588 11 1848 35 44287
2589 153 9644 522 722970
2590 167 10529 538 742476
2591 47 2957 138 189201
2592 0 0 0 0
2593 0 0 0 0
2594 71 5715 228 310184
2595 159 10339 528 731280
2596 161 10470 487 672443
2597 0 0 0 0
2598 0 0 0 0
2599 0 0 0 0
2600 0 0 0 0
2601 3 204 6 312
2602 0 0 0 0
2603 1 72 1 72
2604 0 0 0 0
2605 1 73 0 0
2606 1 57 1 56
2607 29 2736 28 1487
2608 112 10920 141 245602
2609 182 7768 284 699724
2610 184 12944 248 468387
2611 58 2320 93 203959
2612 0 0 0 0
2613 0 0 0 0
2614 0 0 0 0
2615 0 0 0 0
2616 15 5835 15 5835
2617 0 0 0 0
2618 72 6981 66 7151
2619 67 10604 62 7253
2620 5 598 4 374
2621 91 9390 91 9167
2622 2 264 1 75
2623 20 3879 24 11044
2624 12 850 12 850
2625 98 7471 317 436513
2626 171 11120 552 764520
2627 169 11996 547 745026
2628 23 1496 71 96561
2629 0 0 0 0
2630 83 6453 267 355334
2631 175 11242 539 737190
2632 174 11355 537 731890
2633 9 552 14 10605
2634 2 2697 3 120
2635 159 11130 454 633874
2636 194 17236 529 702735
2637 167 13720 496 655360
2638 10 1329 13 8214
2639 4 438 7 3290
2640 31 3116 98 131872
2641 199 14558 580 747981
2642 193 15740 511 677815
2643 172 9353 335 562356
2644 212 9101 269 633589
2645 42 3102 47 57659
2646 242 16050 428 639392
2647 203 13261 482 713076
2648 188 10737 469 711525
2649 144 10374 430 592989
2650 0 0 0 0
2651 42 3822 139 188655
2652 182 12732 562 773008
2653 168 10892 509 699740
2654 44 2828 130 174253
2655 0 0 0 0
2656 138 10074 450 620719
2657 164 10665 547 755537
2658 139 10183 466 635494
2659 1 40 1 993
2660 0 0 0 0
2661 25 2734 78 96174
2662 136 8796 481 660841
2663 147 9567 490 678650
2664 62 4010 184 249162
2665 0 0 0 0
2666 1 57 1 56
2667 117 8708 366 503052
2668 153 9951 527 727241
2669 113 7351 380 524005
2670 4 238 4 238
2671 0 0 0 0
2672 2 80 2 80
2673 135 9879 440 605542
2674 193 14081 523 681103
2675 215 17848 494 675154
2676 221 10476 271 588822
2677 64 2560 100 279730
2678 169 10930 216 353743
2679 240 16571 521 723124
2680 189 11002 484 721515
2681 168 10242 498 716718
2682 10 541 10 492
2683 49 4286 140 190042
2684 145 9429 480 663473
2685 136 8833 477 656667
2686 132 9621 450 620010
2687 0 0 0 0
2688 108 8123 377 518288
2689 136 8852 487 673168
2690 122 7933 409 563421
2691 6 391 10 535
2692 0 0 0 0
2693 16 4410 18 2263
2694 25 6718 40 24939
2695 161 10370 518 720029
2696 93 8206 236 324425
2697 72 14445 154 172853
2698 22 2456 24 21761
2699 28 3980 30 6789
2700 3 257 3 2107
2701 31 3151 89 98318
2702 0 0 0 0
2703 2 80 2 80
2704 2 174 2 1115
2705 0 0 0 0
2706 0 0 0 0
2707 109 11717 131 158129
2708 187 8612 220 549476
2709 139 8121 158 381862
2710 174 9687 247 538399
2711 25 2630 27 37039
2712 0 0 0 0
2713 2 80 2 80
2714 2 119 2 119
2715 0 0 0 0
2716 0 0 0 0
2717 1 72 1 72
2718 0 0 0 0
2719 0 0 0 0
2720 2 220 2 1034
2721 5 284 6 312
2722 0 0 0 0
2723 2 80 2 80
2724 0 0 0 0
2725 2 152 1 40
2726 2 97 2 135
2727 0 0 0 0
2728 0 0 0 0
2729 0 0 0 0
2730 0 0 0 0
2731 2 119 2 119
2732 99 11065 122 148737
2733 179 8292 262 633988
2734 187 13144 249 500648
2735 93 3748 142 340263
2736 4 160 4 160
2737 1 79 1 40
2738 1 40 1 79
2739 0 0 0 0
2740 2 220 2 1033
2741 1 57 1 56
2742 12 4190 32 32181
2743 19 2926 78 100214
2744 0 0 0 0
2745 0 0 0 0
2746 0 0 0 0
2747 9 1617 9 1617
2748 0 0 1 56
2749 15 4163 19 35989
2750 44 4871 94 114629
2751 3 204 6 312
2752 2 119 2 119
2753 13 1133 17 12884
2754 2 119 2 119
2755 26 2525 73 85058
2756 35 3338 78 88267
2757 2 119 2 119
2758 0 0 0 0
2759 0 0 0 0
2760 2 220 2 1033
2761 0 0 0 0
2762 11 2413 11 3964
2763 30 3624 32 2000
2764 130 10743 159 294215
2765 183 7808 293 649404
2766 161 11299 217 411351
2767 75 3000 116 267864
2768 0 0 0 0
2769 2 179 2 1115
2770 12 2641 12 1094
2771 14 2023 14 2295
2772 69 2760 110 294742
2773 78 5986 81 125402
2774 14 1003 9 2440
2775 4 656 4 8134
2776 116 6218 160 405528
2777 10 2664 10 1468
2778 11 2134 12 2428
2779 1 40 0 0
2780 3 299 3 159
2781 6 359 9 1416
2782 0 0 0 0
2783 0 0 0 0
2784 0 0 0 0
2785 0 0 0 0
2786 9 1854 9 546
2787 2 197 2 650
2788 71 3984 78 201657
2789 37 2302 37 67236
2790 29 1808 27 41510
2791 81 5333 80 220821
2792 59 3094 71 202734
2793 6 745 6 1157
2794 18 3027 12 1432
2795 0 0 0 0
2796 0 0 0 0
2797 27 2563 26 1314
2798 154 12884 199 364462
2799 111 4514 139 546080
2800 152 11520 203 411922
2801 93 4912 139 302449
2802 0 0 0 0
2803 0 0 0 0
2804 0 0 0 0
2805 0 0 0 0
2806 0 0 0 0
2807 6 342 6 279
2808 6 342 6 279
2809 0 0 0 0
2810 0 0 0 0
2811 3 204 6 312
2812 0 0 0 0
2813 2 119 2 119
2814 2 119 2 119
2815 0 0 0 0
2816 4 244 5 279
2817 0 0 0 0
2818 0 0 0 0
2819 28 2643 33 42723
2820 0 0 0 0
2821 2 220 2 1033
2822 0 0 0 0
2823 0 0 0 0
2824 1 134 1 40
2825 1 40 1 1075
2826 0 0 0 0
2827 1 72 1 72
2828 0 0 0 0
2829 4 298 4 1234
2830 0 0 0 0
2831 1 57 1 56
2832 26 1639 26 1367
2833 99 11267 119 170128
2834 183 7882 272 640737
2835 156 10460 191 332110
2836 185 8569 205 485770
2837 0 0 0 0
2838 0 0 0 0
2839 3 183 4 223
2840 0 0 0 0
2841 7 543 10 1465
2842 0 0 0 0
2843 0 0 0 0
2844 0 0 0 0
2845 1 73 0 0
2846 1 57 1 56
2847 6 357 6 357
2848 113 6040 114 305727
2849 170 6800 172 452869
2850 3 463 4 3787
2851 0 0 0 0
2852 4 238 4 238
2853 2 119 2 119
2854 61 2516 61 155881
2855 0 0 0 0
2856 0 0 0 0
2857 0 0 0 0
2858 94 10979 114 89184
2859 176 8250 254 642023
2860 168 11867 233 464747
2861 118 4930 179 433301
2862 0 0 0 0
2863 0 0 0 0
2864 0 0 0 0
2865 0 0 0 0
2866 3 191 3 191
2867 2 119 2 119
2868 0 0 0 0
2869 0 0 0 0
2870 4 223 4 160
2871 3 204 6 312
2872 6 493 6 493
2873 108 4590 142 385667
2874 4 160 7 19824
2875 0 0 0 0
2876 1 57 1 56
2877 0 0 0 0
2878 17 757 28 71692
2879 2 119 2 119
2880 0 0 0 0
2881 1 180 1 40
2882 32 1357 49 145705
2883 0 0 0 0
2884 0 0 0 0
2885 27 1251 30 85902
2886 0 0 0 0
2887 35 1477 36 108861
2888 0 0 0 0
2889 2 179 2 1115
2890 0 0 0 0
2891 1 57 1 56
2892 0 0 0 0
2893 107 11511 122 157344
2894 212 10115 270 666636
2895 46 1879 66 168615
2896 70 4642 93 175423
2897 161 10748 222 477833
2898 10 1121 10 16772
2899 129 8359 160 357450
2900 189 7560 239 700276
2901 63 3242 75 148784
2902 118 5307 153 378319
2903 9 3226 9 534
2904 2 112 2 736
2905 0 0 0 0
2906 2 414 2 96
2907 1 40 1 3451
2908 4 238 4 238
2909 0 0 0 0
2910 0 0 0 0
2911 36 2998 40 89318
2912 3 120 5 14865
2913 0 0 0 0
2914 4 515 4 4484
2915 0 0 0 0
2916 152 6157 188 526040
2917 195 7800 253 710888
2918 190 7957 250 689446
2919 143 5755 219 651602
2920 46 4513 49 23360
2921 205 14148 261 508235
2922 124 5749 180 430463
2923 42 2998 53 82909
2924 240 14609 326 651696
2925 6 240 6 16289
2926 4 223 4 160
2927 37 6231 49 86558
2928 2 141 1 40
2929 2 454 2 119
2930 12 480 12 40615
2931 114 5111 147 371027
2932 0 0 0 0
2933 0 0 0 0
2934 1 79 1 40
2935 11 3303 11 1480
2936 1 57 1 56
2937 0 0 0 0
2938 0 0 0 0
2939 5 1494 5 322
2940 1 79 1 40
2941 1 40 1 79
2942 32 4188 33 15751
2943 3 120 3 6985
2944 1 68 2 104
2945 2 174 2 1114
2946 0 0 0 0
2947 0 0 0 0
2948 0 0 0 0
2949 1 139 1 40
2950 1 40 1 1074
2951 1 57 1 56
2952 4 378 4 378
2953 35 4428 39 35529
2954 180 19231 189 207751
2955 103 8662 145 256386
2956 98 9349 108 88608
2957 227 15603 251 490233
2958 202 12433 290 689208
2959 93 5387 142 363647
2960 192 12799 268 508468
2961 53 2204 76 161539
2962 34 4855 41 74365
2963 119 5634 168 447997
2964 50 2767 68 139319
2965 34 1987 47 130966
2966 7 539 7 3864
2967 2 80 2 3454
2968 1 79 1 40
2969 1 40 1 79
2970 0 0 0 0
2971 0 0 0 0
2972 2 119 2 119
2973 0 0 0 0
2974 3 187 4 223
2975 0 0 0 0
2976 0 0 0 0
2977 0 0 0 0
2978 0 0 0 0
2979 0 0 0 0
2980 2 151 2 112
2981 2 97 2 135
2982 0 0 0 0
2983 98 12644 99 34049
2984 209 10750 268 612454
2985 169 10911 248 486893
2986 183 8471 279 683270
2987 181 7240 276 676772
2988 187 7519 281 701177
2989 233 9320 306 697743
2990 211 8479 310 720850
2991 150 6161 243 671925
2992 146 6028 243 639702
2993 2 119 2 119
2994 12 595 13 32957
2995 3 120 3 159
2996 1 57 1 56
2997 173 16582 215 364772
2998 29 2768 37 66948
2999 0 0 0 0
3000 3 296 3 1155
3001 1 40 1 79
3002 0 0 0 0
3003 2 220 2 1034
3004 0 0 0 0
3005 4 254 4 1194
3006 0 0 0 0
3007 0 0 0 0
3008 16 3601 16 2128
3009 4 1740 6 408
3010 2 179 2 1114
3011 1 57 1 56
3012 21 3910 24 11063
3013 147 13754 183 298847
3014 164 7087 267 654485
3015 146 10727 196 343859
3016 122 4919 136 320894
3017 2 119 2 119
3018 1 72 1 72
3019 0 0 0 0
3020 4 223 4 160
3021 3 204 6 312
3022 4 238 4 238
3023 1 180 1 40
3024 3 159 3 1112
3025 4 199 4 199
3026 1 57 0 0
3027 0 0 1 56
3028 0 0 0 0
3029 0 0 0 0
3030 2 119 2 119
3031 0 0 0 0
3032 0 0 0 0
3033 0 0 0 0
3034 0 0 0 0
3035 2 80 2 80
3036 2 119 2 119
3037 0 0 0 0
3038 0 0 0 0
3039 0 0 0 0
3040 0 0 0 0
3041 1 68 2 104
3042 3 176 3 175
3043 0 0 0 0
3044 31 3802 32 2922
3045 200 13960 267 510721
3046 68 2720 97 270654
3047 63 3615 86 207650
3048 210 12678 291 631236
3049 7 719 5 8189
3050 4 238 4 238
3051 5 597 8 4109
3052 2 119 2 119
3053 0 0 0 0
3054 0 0 0 0
3055 2 1118 2 80
3056 9 509 9 2896
3057 9 842 10 542
3058 5 200 5 23639
3059 39 2330 39 56207
3060 0 0 0 0
3061 90 8018 117 230775
3062 192 11170 280 654322
3063 140 5763 230 629627
3064 159 6500 262 696083
3065 133 5991 155 408467
3066 10 2296 10 6991
3067 0 0 0 0
3068 2 119 2 119
3069 0 0 0 0
3070 2 179 2 1115
3071 112 11620 143 161482
3072 196 10308 263 668539
3073 121 7414 174 417899
3074 126 7745 172 373957
3075 6 342 7 382
3076 16 1984 16 1939
3077 8 975 8 756
3078 21 2744 21 6838
3079 31 1929 32 85880
3080 107 4704 122 353018
3081 124 7846 132 259862
3082 5 604 5 278
3083 7 1083 8 535
3084 17 820 17 40861
3085 6 336 6 1256
3086 100 4106 121 369477
3087 11 831 11 6400
3088 0 0 0 0
3089 5 560 5 2079
3090 9 2206 9 689
3091 0 0 0 0
3092 6 1395 6 963
3093 0 0 0 0
3094 1 72 1 72
3095 1 40 1 40
3096 38 3972 44 22978
3097 213 15183 298 556364
3098 128 7911 182 444577
3099 196 11292 288 601636
3100 0 0 0 0
3101 0 0 0 0
3102 3 176 3 175
3103 0 0 0 0
3104 0 0 0 0
3105 2 220 2 1033
3106 1 273 1 40
3107 2 243 2 155
3108 0 0 0 0
3109 27 1080 27 112495
3110 45 2579 45 68571
3111 22 1244 30 58278
3112 1 397 1 40
3113 15 1052 15 40843
3114 93 4576 159 371453
3115 10 2544 10 1402
3116 3 159 3 761
3117 3 176 3 175
3118 0 0 0 0
3119 0 0 0 0
3120 0 0 0 0
3121 0 0 0 0
3122 7 1633 7 426
3123 2 119 2 119
3124 0 0 0 0
3125 2 220 2 1034
3126 2 174 2 1114
3127 2 119 2 119
3128 0 0 0 0
3129 0 0 0 0
3130 0 0 0 0
3131 12 1250 12 1250
3132 0 0 0 0
3133 1 72 1 72
3134 17 1650 14 1428
3135 117 10950 110 9740
3136 18 1627 16 1142
3137 230 22115 287 358185
3138 151 6712 244 604272
3139 217 13845 275 547071
3140 37 1682 49 127713
3141 37 3441 37 6158
3142 2 80 3 966
3143 4 238 4 238
3144 0 0 0 0
3145 2 220 2 1033
3146 0 0 0 0
3147 31 1756 28 1538
3148 7 482 7 482
3149 2 119 2 119
3150 1 156 1 128
3151 2 119 2 119
3152 0 0 0 0
3153 20 1175 20 1126
3154 0 0 0 0
3155 2 119 2 119
3156 0 0 0 0
3157 4 227 4 223
3158 3 120 3 120
3159 14 833 14 833
3160 0 0 0 0
3161 2 119 2 119
3162 0 0 0 0
3163 122 12702 139 172877
3164 166 7404 242 620128
3165 164 11869 217 429334
3166 114 4592 164 396301
3167 2 119 2 119
3168 2 80 2 80
3169 0 0 0 0
3170 0 0 0 0
3171 17 1037 20 1145
3172 2 119 2 119
3173 2 119 2 119
3174 0 0 0 0
3175 0 0 0 0
3176 0 0 0 0
3177 14 833 14 833
3178 5 462 5 239
3179 3 159 3 2166
3180 0 0 0 0
3181 0 0 0 0
3182 0 0 0 0
3183 16 937 16 874
3184 2 119 2 119
3185 2 119 2 119
3186 2 220 2 1033
3187 2 174 2 1115
3188 2 80 2 80
3189 12 714 12 714
3190 0 0 0 0
3191 27 2563 26 1314
3192 151 12765 195 374331
3193 157 6393 246 578202
3194 261 15630 286 560820
3195 46 2074 49 114503
3196 4 362 4 362
3197 5 366 6 1337
3198 2 80 2 80
3199 0 0 0 0
3200 0 0 0 0
3201 15 918 18 1026
3202 0 0 0 0
3203 4 238 4 238
3204 0 0 0 0
3205 2 145 1 72
3206 2 220 2 1033
3207 12 714 12 714
3208 2 80 2 80
3209 2 119 2 119
3210 0 0 0 0
3211 0 0 0 0
3212 2 119 2 119
3213 12 714 12 714
3214 0 0 0 0
3215 2 119 2 119
3216 0 0 0 0
3217 0 0 0 0
3218 4 199 4 199
3219 12 714 12 714
3220 0 0 0 0
3221 3 187 4 223
3222 0 0 0 0
3223 91 10881 102 85852
3224 204 9331 276 647083
3225 197 12977 265 525672
3226 111 4643 165 361618
3227 3 192 2 119
3228 2 80 2 80
3229 0 0 0 0
3230 0 0 0 0
3231 13 799 16 907
3232 2 119 2 119
3233 2 119 2 119
3234 0 0 0 0
3235 0 0 0 0
3236 0 0 0 0
3237 11 1000 11 635
3238 5 239 5 2802
3239 0 0 0 0
3240 0 0 0 0
3241 0 0 0 0
3242 0 0 0 0
3243 11 667 11 667
3244 4 238 4 238
3245 0 0 0 0
3246 1 180 1 40
3247 2 174 2 1033
3248 13 715 13 1749
3249 2 119 2 119
3250 34 3808 38 19784
3251 194 13581 245 500448
3252 143 7191 208 488668
3253 221 12329 294 609155
3254 8 476 8 476
3255 2 119 2 119
3256 0 0 0 0
3257 2 179 2 1114
3258 0 0 0 0
3259 0 0 0 0
3260 12 838 12 838
3261 5 323 8 431
3262 0 0 0 0
3263 2 119 2 119
3264 0 0 0 0
3265 0 0 0 0
3266 8 476 8 476
3267 4 339 4 1152
3268 0 0 0 0
3269 4 516 5 248
3270 3 273 3 231
3271 0 0 0 0
3272 93 5744 92 202760
3273 101 4103 101 330708
3274 59 5616 63 60442
3275 15 1610 12 5340
3276 173 12363 246 533991
3277 27 4468 29 10323
3278 45 2824 50 94807
3279 62 3786 62 90756
3280 105 10112 117 173917
3281 146 5872 239 662679
3282 162 6720 263 701886
3283 148 6065 241 681947
3284 187 7677 250 635369
3285 200 15010 293 659874
3286 183 12579 245 494589
3287 255 16246 369 663550
3288 246 11640 317 666028
3289 312 15021 369 719976
3290 181 8111 287 630917
3291 206 15148 268 453232
3292 227 10858 278 606680
3293 178 10276 202 541387
3294 108 4681 139 536781
3295 152 9111 197 559898
3296 153 6305 182 555609
3297 150 6689 223 602278
3298 155 6734 242 672448
3299 172 7921 262 680340
3300 167 9109 270 699813
3301 187 9550 284 700690
3302 158 6359 255 690263
3303 153 6120 245 683720
3304 169 7530 257 654495
3305 153 7714 237 665952
3306 148 5959 236 672756
3307 120 4926 181 506102
3308 154 6723 246 697298
3309 183 9567 273 679398
3310 159 6399 251 688835
3311 178 8778 268 674087
3312 143 5720 231 681112
3313 154 6160 250 697800
3314 180 8199 267 707382
3315 191 13571 276 647366
3316 227 10773 318 665741
3317 259 10611 366 724238
3318 270 13264 324 709381
3319 216 12517 277 665849
3320 161 7304 226 573190
3321 157 6751 242 611881
3322 146 6333 232 611891
3323 151 7534 241 633641
3324 147 8047 217 688921
3325 171 7603 261 656832
3326 121 4840 219 614063
3327 145 6260 226 560854
3328 125 6101 251 626311
3329 153 7018 250 620159
3330 160 6400 266 701336
3331 160 6719 253 676380
3332 158 6320 265 691160
3333 146 6069 229 663352
3334 10 517 10 11799
3335 2 80 2 158
3336 76 5347 131 292853
3337 8 320 15 345155
3338 57 7908 70 490590
3339 19 760 31 175923
3340 6 240 7 38241
3341 23 1151 22 47586
3342 51 9288 55 18872
3343 4 160 4 9068
3344 3 120 3 11254
3345 83 8215 136 350497
3346 1 40 15 184558
3347 2 80 5 93330
3348 129 8860 138 520959
3349 172 12193 226 455124
3350 251 13735 347 682333
3351 263 15828 310 646772
3352 227 11845 301 613642
3353 142 7425 204 426724
3354 131 7447 272 685830
3355 239 13742 344 675946
3356 58 2792 94 192528
3357 55 2200 52 127219
3358 13 520 22 58992
3359 14 560 10 92727
3360 337 14200 367 2850018
3361 52 2295 62 144642
3362 19 760 20 83086
3363 1 40 0 0
3364 4 160 4 13991
3365 92 3999 101 258133
3366 3 120 3 8138
3367 5 200 5 15266
3368 17 875 17 58217
3369 22 1006 22 30258
3370 7 280 7 16180
3371 77 6396 87 185905
3372 13 520 37 171943
3372 1 40 1 1488
3372 1 40 1 5832
3372 1 40 1 5690
3373 5 200 4 63714
3374 126 5677 146 917792
3375 130 6352 196 480663
3376 91 4021 175 742190
3377 4 160 15 150787
3378 3 120 3 93558
3379 3 120 3 92374
3380 24 960 24 496642
3381 42 3383 44 102378
3382 17 932 39 85727
3382 1 40 1 2936
3382 1 40 1 1488
3382 1 40 1 1488
3382 1 40 1 1488
3382 1 40 1 828
3383 3 120 2 81839
3384 2 80 2 93519
3385 12 480 12 90598
3386 25 1000 25 592873
3387 50 2885 60 137543
3388 98 5951 142 367911
3389 0 0 0 0
3390 0 0 0 0
3391 7 280 8 16346
3391 1 40 1 1500
3391 1 40 1 1238
3391 1 40 1 727
3391 1 40 1 8254
3392 3 120 2 8866
3393 69 7378 103 167381
3394 156 19820 240 436571
3395 213 26164 476 679789
3396 206 14912 499 712232
3397 150 11513 208 506301
3398 130 7268 196 443688
3399 38 1646 79 193208
3400 34 1360 37 857662
3401 41 1640 103 961066
3402 62 5191 66 65492
3403 0 0 0 0
3404 12 480 12 27762
3405 7 280 6 53720
3406 3 120 3 120
3407 144 11763 166 266645
3408 249 11348 292 649101
3409 184 16872 298 620680
3410 191 14529 384 663230
3411 177 12640 431 645937
3412 203 13706 434 636544
3413 182 12387 470 699451
3414 202 11581 492 720124
3415 196 14711 409 669512
3416 213 13011 524 763046
3417 178 10715 440 673251
3418 177 12824 460 688307
3419 181 9659 456 699655
3420 203 11835 464 698535
3421 170 11349 430 687748
3422 145 6662 271 537735
3423 92 4120 134 342593
3424 98 3920 131 495002
3425 94 3795 108 505328
3426 108 4603 129 505599
3427 112 4644 145 529791
3428 127 6004 164 552463
3429 113 4874 145 489681
3430 94 3886 109 525468
3431 134 5790 188 574418
3432 119 4916 148 547721
3433 125 5106 194 520423
3434 165 7162 246 676983
3435 126 5720 191 466669
3436 111 4750 180 396294
3437 141 6054 216 612778
3438 85 3556 121 694377
3439 38 1520 60 454227
3440 122 8165 176 1378012
3441 87 4036 135 258810
3442 111 5338 143 369548
3443 111 5627 134 304295
3444 153 10105 405 603387
3445 158 11703 415 624278
3446 181 12912 472 696377
3447 168 7484 273 573807
3448 128 5120 169 428767
3449 22 2959 62 74264
3450 30 2156 33 52183
3451 60 5626 63 31822
3452 220 14173 258 550728
3453 234 10161 315 693657
3454 206 12281 479 736427
3455 157 9329 422 662465
3456 218 13661 503 708625
3457 183 11717 450 668403
3458 259 17324 440 676993
3459 191 10468 463 686222
3460 191 11548 466 697708
3461 182 9910 454 662000
3462 205 12172 490 722617
3463 213 12895 543 786071
3464 211 12775 535 782041
3465 153 8920 413 641673
3466 152 8927 417 614504
3467 111 6494 307 455234
3468 0 0 0 0
3469 0 0 0 0
3470 6 240 56 89762
3471 18 720 41 91832
3472 130 5554 203 3400880
3473 134 13592 290 460824
3474 206 14086 513 744622
3475 82 6967 413 679033
